2[9]
3[10]
4[8]
5[10]
6[9]
7[10]
8[7]
9[10]
10[9]
11[10]
12[8]
13[10]
14[9]
15[10]
16[6]
17[10]
18[9]
19[10]
20[8]
21[10]
22[9]
23[10]
24[7]
25[10]
26[9]
27[10]
28[8]
29[10]
30[9]
31[10]
32[5]
33[10]
34[9]
35[10]
36[8]
37[10]
38[9]
39[10]
40[7]
41[10]
42[9]
43[10]
44[8]
45[10]
46[9]
47[10]
48[6]
49[10]
50[9]
51[10]
52[8]
53[10]
54[9]
55[10]
56[7]
57[10]
58[9]
59[10]
60[8]
61[10]
62[9]
63[10]
64[4]
65[10]
66[9]
67[10]
68[8]
69[10]
70[9]
71[10]
72[7]
73[10]
74[9]
75[10]
76[8]
77[10]
78[9]
79[10]
80[6]
81[10]
82[9]
83[10]
84[8]
85[10]
86[9]
87[10]
88[7]
89[10]
90[9]
91[10]
92[8]
93[10]
94[9]
95[10]
96[5]
97[10]
98[9]
99[10]
100[8]
101[10]
102[9]
103[10]
104[7]
105[10]
106[9]
107[10]
108[8]
109[10]
110[9]
111[10]
112[6]
113[10]
114[9]
115[10]
116[8]
117[10]
118[9]
119[10]
120[7]
121[10]
122[9]
123[10]
124[8]
125[10]
126[9]
127[10]
128[3]
129[10]
130[9]
131[10]
132[8]
133[10]
134[9]
135[10]
136[7]
137[10]
138[9]
139[10]
140[8]
141[10]
142[9]
143[10]
144[6]
145[10]
146[9]
147[10]
148[8]
149[10]
150[9]
151[10]
152[7]
153[10]
154[9]
155[10]
156[8]
157[10]
158[9]
159[10]
160[5]
161[10]
162[9]
163[10]
164[8]
165[10]
166[9]
167[10]
168[7]
169[10]
170[9]
171[10]
172[8]
173[10]
174[9]
175[10]
176[6]
177[10]
178[9]
179[10]
180[8]
181[10]
182[9]
183[10]
184[7]
185[10]
186[9]
187[10]
188[8]
189[10]
190[9]
191[10]
192[4]
193[10]
194[9]
195[10]
196[8]
197[10]
198[9]
199[10]
200[7]
201[10]
202[9]
203[10]
204[8]
205[10]
206[9]
207[10]
208[6]
209[10]
210[9]
211[10]
212[8]
213[10]
214[9]
215[10]
216[7]
217[10]
218[9]
219[10]
220[8]
221[10]
222[9]
223[10]
224[5]
225[10]
226[9]
227[10]
228[8]
229[10]
230[9]
231[10]
232[7]
233[10]
234[9]
235[10]
236[8]
237[10]
238[9]
239[10]
240[6]
241[10]
242[9]
243[10]
244[8]
245[10]
246[9]
247[10]
248[7]
249[10]
250[9]
251[10]
252[8]
253[10]
254[9]
255[10]
256[2]
257[10]
258[9]
259[10]
260[8]
261[10]
262[9]
263[10]
264[7]
265[10]
266[9]
267[10]
268[8]
269[10]
270[9]
271[10]
272[6]
273[10]
274[9]
275[10]
276[8]
277[10]
278[9]
279[10]
280[7]
281[10]
282[9]
283[10]
284[8]
285[10]
286[9]
287[10]
288[5]
289[10]
290[9]
291[10]
292[8]
293[10]
294[9]
295[10]
296[7]
297[10]
298[9]
299[10]
300[8]
301[10]
302[9]
303[10]
304[6]
305[10]
306[9]
307[10]
308[8]
309[10]
310[9]
311[10]
312[7]
313[10]
314[9]
315[10]
316[8]
317[10]
318[9]
319[10]
320[4]
321[10]
322[9]
323[10]
324[8]
325[10]
326[9]
327[10]
328[7]
329[10]
330[9]
331[10]
332[8]
333[10]
334[9]
335[10]
336[6]
337[10]
338[9]
339[10]
340[8]
341[10]
342[9]
343[10]
344[7]
345[10]
346[9]
347[10]
348[8]
349[10]
350[9]
351[10]
352[5]
353[10]
354[9]
355[10]
356[8]
357[10]
358[9]
359[10]
360[7]
361[10]
362[9]
363[10]
364[8]
365[10]
366[9]
367[10]
368[6]
369[10]
370[9]
371[10]
372[8]
373[10]
374[9]
375[10]
376[7]
377[10]
378[9]
379[10]
380[8]
381[10]
382[9]
383[10]
384[3]
385[10]
386[9]
387[10]
388[8]
389[10]
390[9]
391[10]
392[7]
393[10]
394[9]
395[10]
396[8]
397[10]
398[9]
399[10]
400[6]
401[10]
402[9]
403[10]
404[8]
405[10]
406[9]
407[10]
408[7]
409[10]
410[9]
411[10]
412[8]
413[10]
414[9]
415[10]
416[5]
417[10]
418[9]
419[10]
420[8]
421[10]
422[9]
423[10]
424[7]
425[10]
426[9]
427[10]
428[8]
429[10]
430[9]
431[10]
432[6]
433[10]
434[9]
435[10]
436[8]
437[10]
438[9]
439[10]
440[7]
441[10]
442[9]
443[10]
444[8]
445[10]
446[9]
447[10]
448[4]
449[10]
450[9]
451[10]
452[8]
453[10]
454[9]
455[10]
456[7]
457[10]
458[9]
459[10]
460[8]
461[10]
462[9]
463[10]
464[6]
465[10]
466[9]
467[10]
468[8]
469[10]
470[9]
471[10]
472[7]
473[10]
474[9]
475[10]
476[8]
477[10]
478[9]
479[10]
480[5]
481[10]
482[9]
483[10]
484[8]
485[10]
486[9]
487[10]
488[7]
489[10]
490[9]
491[10]
492[8]
493[10]
494[9]
495[10]
496[6]
497[10]
498[9]
499[10]
500[8]
501[10]
502[9]
503[10]
504[7]
505[10]
506[9]
507[10]
508[8]
509[10]
510[9]
511[10]
512[1]
513[10]
514[9]
515[10]
516[8]
517[10]
518[9]
519[10]
520[7]
521[10]
522[9]
523[10]
524[8]
525[10]
526[9]
527[10]
528[6]
529[10]
530[9]
531[10]
532[8]
533[10]
534[9]
535[10]
536[7]
537[10]
538[9]
539[10]
540[8]
541[10]
542[9]
543[10]
544[5]
545[10]
546[9]
547[10]
548[8]
549[10]
550[9]
551[10]
552[7]
553[10]
554[9]
555[10]
556[8]
557[10]
558[9]
559[10]
560[6]
561[10]
562[9]
563[10]
564[8]
565[10]
566[9]
567[10]
568[7]
569[10]
570[9]
571[10]
572[8]
573[10]
574[9]
575[10]
576[4]
577[10]
578[9]
579[10]
580[8]
581[10]
582[9]
583[10]
584[7]
585[10]
586[9]
587[10]
588[8]
589[10]
590[9]
591[10]
592[6]
593[10]
594[9]
595[10]
596[8]
597[10]
598[9]
599[10]
600[7]
601[10]
602[9]
603[10]
604[8]
605[10]
606[9]
607[10]
608[5]
609[10]
610[9]
611[10]
612[8]
613[10]
614[9]
615[10]
616[7]
617[10]
618[9]
619[10]
620[8]
621[10]
622[9]
623[10]
624[6]
625[10]
626[9]
627[10]
628[8]
629[10]
630[9]
631[10]
632[7]
633[10]
634[9]
635[10]
636[8]
637[10]
638[9]
639[10]
640[3]
641[10]
642[9]
643[10]
644[8]
645[10]
646[9]
647[10]
648[7]
649[10]
650[9]
651[10]
652[8]
653[10]
654[9]
655[10]
656[6]
657[10]
658[9]
659[10]
660[8]
661[10]
662[9]
663[10]
664[7]
665[10]
666[9]
667[10]
668[8]
669[10]
670[9]
671[10]
672[5]
673[10]
674[9]
675[10]
676[8]
677[10]
678[9]
679[10]
680[7]
681[10]
682[9]
683[10]
684[8]
685[10]
686[9]
687[10]
688[6]
689[10]
690[9]
691[10]
692[8]
693[10]
694[9]
695[10]
696[7]
697[10]
698[9]
699[10]
700[8]
701[10]
702[9]
703[10]
704[4]
705[10]
706[9]
707[10]
708[8]
709[10]
710[9]
711[10]
712[7]
713[10]
714[9]
715[10]
716[8]
717[10]
718[9]
719[10]
720[6]
721[10]
722[9]
723[10]
724[8]
725[10]
726[9]
727[10]
728[7]
729[10]
730[9]
731[10]
732[8]
733[10]
734[9]
735[10]
736[5]
737[10]
738[9]
739[10]
740[8]
741[10]
742[9]
743[10]
744[7]
745[10]
746[9]
747[10]
748[8]
749[10]
750[9]
751[10]
752[6]
753[10]
754[9]
755[10]
756[8]
757[10]
758[9]
759[10]
760[7]
761[10]
762[9]
763[10]
764[8]
765[10]
766[9]
767[10]
768[2]
769[10]
770[9]
771[10]
772[8]
773[10]
774[9]
775[10]
776[7]
777[10]
778[9]
779[10]
780[8]
781[10]
782[9]
783[10]
784[6]
785[10]
786[9]
787[10]
788[8]
789[10]
790[9]
791[10]
792[7]
793[10]
794[9]
795[10]
796[8]
797[10]
798[9]
799[10]
800[5]
801[10]
802[9]
803[10]
804[8]
805[10]
806[9]
807[10]
808[7]
809[10]
810[9]
811[10]
812[8]
813[10]
814[9]
815[10]
816[6]
817[10]
818[9]
819[10]
820[8]
821[10]
822[9]
823[10]
824[7]
825[10]
826[9]
827[10]
828[8]
829[10]
830[9]
831[10]
832[4]
833[10]
834[9]
835[10]
836[8]
837[10]
838[9]
839[10]
840[7]
841[10]
842[9]
843[10]
844[8]
845[10]
846[9]
847[10]
848[6]
849[10]
850[9]
851[10]
852[8]
853[10]
854[9]
855[10]
856[7]
857[10]
858[9]
859[10]
860[8]
861[10]
862[9]
863[10]
864[5]
865[10]
866[9]
867[10]
868[8]
869[10]
870[9]
871[10]
872[7]
873[10]
874[9]
875[10]
876[8]
877[10]
878[9]
879[10]
880[6]
881[10]
882[9]
883[10]
884[8]
885[10]
886[9]
887[10]
888[7]
889[10]
890[9]
891[10]
892[8]
893[10]
894[9]
895[10]
896[3]
897[10]
898[9]
899[10]
900[8]
901[10]
902[9]
903[10]
904[7]
905[10]
906[9]
907[10]
908[8]
909[10]
910[9]
911[10]
912[6]
913[10]
914[9]
915[10]
916[8]
917[10]
918[9]
919[10]
920[7]
921[10]
922[9]
923[10]
924[8]
925[10]
926[9]
927[10]
928[5]
929[10]
930[9]
931[10]
932[8]
933[10]
934[9]
935[10]
936[7]
937[10]
938[9]
939[10]
940[8]
941[10]
942[9]
943[10]
944[6]
945[10]
946[9]
947[10]
948[8]
949[10]
950[9]
951[10]
952[7]
953[10]
954[9]
955[10]
956[8]
957[10]
958[9]
959[10]
960[4]
961[10]
962[9]
963[10]
964[8]
965[10]
966[9]
967[10]
968[7]
969[10]
970[9]
971[10]
972[8]
973[10]
974[9]
975[10]
976[6]
977[10]
978[9]
979[10]
980[8]
981[10]
982[9]
983[10]
984[7]
985[10]
986[9]
987[10]
988[8]
989[10]
990[9]
991[10]
992[5]
993[10]
994[9]
995[10]
996[8]
997[10]
998[9]
999[10]
1000[7]
1001[10]
1002[9]
1003[10]
1004[8]
1005[10]
1006[9]
1007[10]
1008[6]
1009[10]
1010[9]
1011[10]
1012[8]
1013[10]
1014[9]
1015[10]
1016[7]
1017[10]
1018[9]
1019[10]
1020[8]
1021[10]
1022[9]
1023[10]
1024[0]
1025[10]
1026[9]
1027[10]
1028[8]
1029[10]
1030[9]
1031[10]
1032[7]
1033[10]
1034[9]
1035[10]
1036[8]
1037[10]
1038[9]
1039[10]
1040[6]
1041[10]
1042[9]
1043[10]
1044[8]
1045[10]
1046[9]
1047[10]
1048[7]
1049[10]
1050[9]
1051[10]
1052[8]
1053[10]
1054[9]
1055[10]
1056[5]
1057[10]
1058[9]
1059[10]
1060[8]
1061[10]
1062[9]
1063[10]
1064[7]
1065[10]
1066[9]
1067[10]
1068[8]
1069[10]
1070[9]
1071[10]
1072[6]
1073[10]
1074[9]
1075[10]
1076[8]
1077[10]
1078[9]
1079[10]
1080[7]
1081[10]
1082[9]
1083[10]
1084[8]
1085[10]
1086[9]
1087[10]
1088[4]
1089[10]
1090[9]
1091[10]
1092[8]
1093[10]
1094[9]
1095[10]
1096[7]
1097[10]
1098[9]
1099[10]
1100[8]
1101[10]
1102[9]
1103[10]
1104[6]
1105[10]
1106[9]
1107[10]
1108[8]
1109[10]
1110[9]
1111[10]
1112[7]
1113[10]
1114[9]
1115[10]
1116[8]
1117[10]
1118[9]
1119[10]
1120[5]
1121[10]
1122[9]
1123[10]
1124[8]
1125[10]
1126[9]
1127[10]
1128[7]
1129[10]
1130[9]
1131[10]
1132[8]
1133[10]
1134[9]
1135[10]
1136[6]
1137[10]
1138[9]
1139[10]
1140[8]
1141[10]
1142[9]
1143[10]
1144[7]
1145[10]
1146[9]
1147[10]
1148[8]
1149[10]
1150[9]
1151[10]
1152[3]
1153[10]
1154[9]
1155[10]
1156[8]
1157[10]
1158[9]
1159[10]
1160[7]
1161[10]
1162[9]
1163[10]
1164[8]
1165[10]
1166[9]
1167[10]
1168[6]
1169[10]
1170[9]
1171[10]
1172[8]
1173[10]
1174[9]
1175[10]
1176[7]
1177[10]
1178[9]
1179[10]
1180[8]
1181[10]
1182[9]
1183[10]
1184[5]
1185[10]
1186[9]
1187[10]
1188[8]
1189[10]
1190[9]
1191[10]
1192[7]
1193[10]
1194[9]
1195[10]
1196[8]
1197[10]
1198[9]
1199[10]
1200[6]
1201[10]
1202[9]
1203[10]
1204[8]
1205[10]
1206[9]
1207[10]
1208[7]
1209[10]
1210[9]
1211[10]
1212[8]
1213[10]
1214[9]
1215[10]
1216[4]
1217[10]
1218[9]
1219[10]
1220[8]
1221[10]
1222[9]
1223[10]
1224[7]
1225[10]
1226[9]
1227[10]
1228[8]
1229[10]
1230[9]
1231[10]
1232[6]
1233[10]
1234[9]
1235[10]
1236[8]
1237[10]
1238[9]
1239[10]
1240[7]
1241[10]
1242[9]
1243[10]
1244[8]
1245[10]
1246[9]
1247[10]
1248[5]
1249[10]
1250[9]
1251[10]
1252[8]
1253[10]
1254[9]
1255[10]
1256[7]
1257[10]
1258[9]
1259[10]
1260[8]
1261[10]
1262[9]
1263[10]
1264[6]
1265[10]
1266[9]
1267[10]
1268[8]
1269[10]
1270[9]
1271[10]
1272[7]
1273[10]
1274[9]
1275[10]
1276[8]
1277[10]
1278[9]
1279[10]
1280[2]
1281[10]
1282[9]
1283[10]
1284[8]
1285[10]
1286[9]
1287[10]
1288[7]
1289[10]
1290[9]
1291[10]
1292[8]
1293[10]
1294[9]
1295[10]
1296[6]
1297[10]
1298[9]
1299[10]
1300[8]
1301[10]
1302[9]
1303[10]
1304[7]
1305[10]
1306[9]
1307[10]
1308[8]
1309[10]
1310[9]
1311[10]
1312[5]
1313[10]
1314[9]
1315[10]
1316[8]
1317[10]
1318[9]
1319[10]
1320[7]
1321[10]
1322[9]
1323[10]
1324[8]
1325[10]
1326[9]
1327[10]
1328[6]
1329[10]
1330[9]
1331[10]
1332[8]
1333[10]
1334[9]
1335[10]
1336[7]
1337[10]
1338[9]
1339[10]
1340[8]
1341[10]
1342[9]
1343[10]
1344[4]
1345[10]
1346[9]
1347[10]
1348[8]
1349[10]
1350[9]
1351[10]
1352[7]
1353[10]
1354[9]
1355[10]
1356[8]
1357[10]
1358[9]
1359[10]
1360[6]
1361[10]
1362[9]
1363[10]
1364[8]
1365[10]
1366[9]
1367[10]
1368[7]
1369[10]
1370[9]
1371[10]
1372[8]
1373[10]
1374[9]
1375[10]
1376[5]
1377[10]
1378[9]
1379[10]
1380[8]
1381[10]
1382[9]
1383[10]
1384[7]
1385[10]
1386[9]
1387[10]
1388[8]
1389[10]
1390[9]
1391[10]
1392[6]
1393[10]
1394[9]
1395[10]
1396[8]
1397[10]
1398[9]
1399[10]
1400[7]
1401[10]
1402[9]
1403[10]
1404[8]
1405[10]
1406[9]
1407[10]
1408[3]
1409[10]
1410[9]
1411[10]
1412[8]
1413[10]
1414[9]
1415[10]
1416[7]
1417[10]
1418[9]
1419[10]
1420[8]
1421[10]
1422[9]
1423[10]
1424[6]
1425[10]
1426[9]
1427[10]
1428[8]
1429[10]
1430[9]
1431[10]
1432[7]
1433[10]
1434[9]
1435[10]
1436[8]
1437[10]
1438[9]
1439[10]
1440[5]
1441[10]
1442[9]
1443[10]
1444[8]
1445[10]
1446[9]
1447[10]
1448[7]
1449[10]
1450[9]
1451[10]
1452[8]
1453[10]
1454[9]
1455[10]
1456[6]
1457[10]
1458[9]
1459[10]
1460[8]
1461[10]
1462[9]
1463[10]
1464[7]
1465[10]
1466[9]
1467[10]
1468[8]
1469[10]
1470[9]
1471[10]
1472[4]
1473[10]
1474[9]
1475[10]
1476[8]
1477[10]
1478[9]
1479[10]
1480[7]
1481[10]
1482[9]
1483[10]
1484[8]
1485[10]
1486[9]
1487[10]
1488[6]
1489[10]
1490[9]
1491[10]
1492[8]
1493[10]
1494[9]
1495[10]
1496[7]
1497[10]
1498[9]
1499[10]
1500[8]
1501[10]
1502[9]
1503[10]
1504[5]
1505[10]
1506[9]
1507[10]
1508[8]
1509[10]
1510[9]
1511[10]
1512[7]
1513[10]
1514[9]
1515[10]
1516[8]
1517[10]
1518[9]
1519[10]
1520[6]
1521[10]
1522[9]
1523[10]
1524[8]
1525[10]
1526[9]
1527[10]
1528[7]
1529[10]
1530[9]
1531[10]
1532[8]
1533[10]
1534[9]
1535[10]
1536[1]
1537[10]
1538[9]
1539[10]
1540[8]
1541[10]
1542[9]
1543[10]
1544[7]
1545[10]
1546[9]
1547[10]
1548[8]
1549[10]
1550[9]
1551[10]
1552[6]
1553[10]
1554[9]
1555[10]
1556[8]
1557[10]
1558[9]
1559[10]
1560[7]
1561[10]
1562[9]
1563[10]
1564[8]
1565[10]
1566[9]
1567[10]
1568[5]
1569[10]
1570[9]
1571[10]
1572[8]
1573[10]
1574[9]
1575[10]
1576[7]
1577[10]
1578[9]
1579[10]
1580[8]
1581[10]
1582[9]
1583[10]
1584[6]
1585[10]
1586[9]
1587[10]
1588[8]
1589[10]
1590[9]
1591[10]
1592[7]
1593[10]
1594[9]
1595[10]
1596[8]
1597[10]
1598[9]
1599[10]
1600[4]
1601[10]
1602[9]
1603[10]
1604[8]
1605[10]
1606[9]
1607[10]
1608[7]
1609[10]
1610[9]
1611[10]
1612[8]
1613[10]
1614[9]
1615[10]
1616[6]
1617[10]
1618[9]
1619[10]
1620[8]
1621[10]
1622[9]
1623[10]
1624[7]
1625[10]
1626[9]
1627[10]
1628[8]
1629[10]
1630[9]
1631[10]
1632[5]
1633[10]
1634[9]
1635[10]
1636[8]
1637[10]
1638[9]
1639[10]
1640[7]
1641[10]
1642[9]
1643[10]
1644[8]
1645[10]
1646[9]
1647[10]
1648[6]
1649[10]
1650[9]
1651[10]
1652[8]
1653[10]
1654[9]
1655[10]
1656[7]
1657[10]
1658[9]
1659[10]
1660[8]
1661[10]
1662[9]
1663[10]
1664[3]
1665[10]
1666[9]
1667[10]
1668[8]
1669[10]
1670[9]
1671[10]
1672[7]
1673[10]
1674[9]
1675[10]
1676[8]
1677[10]
1678[9]
1679[10]
1680[6]
1681[10]
1682[9]
1683[10]
1684[8]
1685[10]
1686[9]
1687[10]
1688[7]
1689[10]
1690[9]
1691[10]
1692[8]
1693[10]
1694[9]
1695[10]
1696[5]
1697[10]
1698[9]
1699[10]
1700[8]
1701[10]
1702[9]
1703[10]
1704[7]
1705[10]
1706[9]
1707[10]
1708[8]
1709[10]
1710[9]
1711[10]
1712[6]
1713[10]
1714[9]
1715[10]
1716[8]
1717[10]
1718[9]
1719[10]
1720[7]
1721[10]
1722[9]
1723[10]
1724[8]
1725[10]
1726[9]
1727[10]
1728[4]
1729[10]
1730[9]
1731[10]
1732[8]
1733[10]
1734[9]
1735[10]
1736[7]
1737[10]
1738[9]
1739[10]
1740[8]
1741[10]
1742[9]
1743[10]
1744[6]
1745[10]
1746[9]
1747[10]
1748[8]
1749[10]
1750[9]
1751[10]
1752[7]
1753[10]
1754[9]
1755[10]
1756[8]
1757[10]
1758[9]
1759[10]
1760[5]
1761[10]
1762[9]
1763[10]
1764[8]
1765[10]
1766[9]
1767[10]
1768[7]
1769[10]
1770[9]
1771[10]
1772[8]
1773[10]
1774[9]
1775[10]
1776[6]
1777[10]
1778[9]
1779[10]
1780[8]
1781[10]
1782[9]
1783[10]
1784[7]
1785[10]
1786[9]
1787[10]
1788[8]
1789[10]
1790[9]
1791[10]
1792[2]
1793[10]
1794[9]
1795[10]
1796[8]
1797[10]
1798[9]
1799[10]
1800[7]
1801[10]
1802[9]
1803[10]
1804[8]
1805[10]
1806[9]
1807[10]
1808[6]
1809[10]
1810[9]
1811[10]
1812[8]
1813[10]
1814[9]
1815[10]
1816[7]
1817[10]
1818[9]
1819[10]
1820[8]
1821[10]
1822[9]
1823[10]
1824[5]
1825[10]
1826[9]
1827[10]
1828[8]
1829[10]
1830[9]
1831[10]
1832[7]
1833[10]
1834[9]
1835[10]
1836[8]
1837[10]
1838[9]
1839[10]
1840[6]
1841[10]
1842[9]
1843[10]
1844[8]
1845[10]
1846[9]
1847[10]
1848[7]
1849[10]
1850[9]
1851[10]
1852[8]
1853[10]
1854[9]
1855[10]
1856[4]
1857[10]
1858[9]
1859[10]
1860[8]
1861[10]
1862[9]
1863[10]
1864[7]
1865[10]
1866[9]
1867[10]
1868[8]
1869[10]
1870[9]
1871[10]
1872[6]
1873[10]
1874[9]
1875[10]
1876[8]
1877[10]
1878[9]
1879[10]
1880[7]
1881[10]
1882[9]
1883[10]
1884[8]
1885[10]
1886[9]
1887[10]
1888[5]
1889[10]
1890[9]
1891[10]
1892[8]
1893[10]
1894[9]
1895[10]
1896[7]
1897[10]
1898[9]
1899[10]
1900[8]
1901[10]
1902[9]
1903[10]
1904[6]
1905[10]
1906[9]
1907[10]
1908[8]
1909[10]
1910[9]
1911[10]
1912[7]
1913[10]
1914[9]
1915[10]
1916[8]
1917[10]
1918[9]
1919[10]
1920[3]
1921[10]
1922[9]
1923[10]
1924[8]
1925[10]
1926[9]
1927[10]
1928[7]
1929[10]
1930[9]
1931[10]
1932[8]
1933[10]
1934[9]
1935[10]
1936[6]
1937[10]
1938[9]
1939[10]
1940[8]
1941[10]
1942[9]
1943[10]
1944[7]
1945[10]
1946[9]
1947[10]
1948[8]
1949[10]
1950[9]
1951[10]
1952[5]
1953[10]
1954[9]
1955[10]
1956[8]
1957[10]
1958[9]
1959[10]
1960[7]
1961[10]
1962[9]
1963[10]
1964[8]
1965[10]
1966[9]
1967[10]
1968[6]
1969[10]
1970[9]
1971[10]
1972[8]
1973[10]
1974[9]
1975[10]
1976[7]
1977[10]
1978[9]
1979[10]
1980[8]
1981[10]
1982[9]
1983[10]
1984[4]
1985[10]
1986[9]
1987[10]
1988[8]
1989[10]
1990[9]
1991[10]
1992[7]
1993[10]
1994[9]
1995[10]
1996[8]
1997[10]
1998[9]
1999[10]
2000[6]
2001[10]
2002[9]
2003[10]
2004[8]
2005[10]
2006[9]
2007[10]
2008[7]
2009[10]
2010[9]
2011[10]
2012[8]
2013[10]
2014[9]
2015[10]
2016[5]
2017[10]
2018[9]
2019[10]
2020[8]
2021[10]
2022[9]
2023[10]
2024[7]
2025[10]
2026[9]
2027[10]
2028[8]
2029[10]
2030[9]
2031[10]
2032[6]
2033[10]
2034[9]
2035[10]
2036[8]
2037[10]
2038[9]
2039[10]
2040[7]
2041[10]
2042[9]
2043[10]
2044[8]
2045[10]
2046[9]
2047[10]
2[9]
3[10]
4[8]
5[10]
6[9]
7[10]
8[7]
9[10]
10[9]
11[10]
12[8]
13[10]
14[9]
15[10]
16[6]
17[10]
18[9]
19[10]
20[8]
21[10]
22[9]
23[10]
24[7]
25[10]
26[9]
27[10]
28[8]
29[10]
30[9]
31[10]
32[5]
33[10]
34[9]
35[10]
36[8]
37[10]
38[9]
39[10]
40[7]
41[10]
42[9]
43[10]
44[8]
45[10]
46[9]
47[10]
48[6]
49[10]
50[9]
51[10]
52[8]
53[10]
54[9]
55[10]
56[7]
57[10]
58[9]
59[10]
60[8]
61[10]
62[9]
63[10]
64[4]
65[10]
66[9]
67[10]
68[8]
69[10]
70[9]
71[10]
72[7]
73[10]
74[9]
75[10]
76[8]
77[10]
78[9]
79[10]
80[6]
81[10]
82[9]
83[10]
84[8]
85[10]
86[9]
87[10]
88[7]
89[10]
90[9]
91[10]
92[8]
93[10]
94[9]
95[10]
96[5]
97[10]
98[9]
99[10]
100[8]
101[10]
102[9]
103[10]
104[7]
105[10]
106[9]
107[10]
108[8]
109[10]
110[9]
111[10]
112[6]
113[10]
114[9]
115[10]
116[8]
117[10]
118[9]
119[10]
120[7]
121[10]
122[9]
123[10]
124[8]
125[10]
126[9]
127[10]
128[3]
129[10]
130[9]
131[10]
132[8]
133[10]
134[9]
135[10]
136[7]
137[10]
138[9]
139[10]
140[8]
141[10]
142[9]
143[10]
144[6]
145[10]
146[9]
147[10]
148[8]
149[10]
150[9]
151[10]
152[7]
153[10]
154[9]
155[10]
156[8]
157[10]
158[9]
159[10]
160[5]
161[10]
162[9]
163[10]
164[8]
165[10]
166[9]
167[10]
168[7]
169[10]
170[9]
171[10]
172[8]
173[10]
174[9]
175[10]
176[6]
177[10]
178[9]
179[10]
180[8]
181[10]
182[9]
183[10]
184[7]
185[10]
186[9]
187[10]
188[8]
189[10]
190[9]
191[10]
192[4]
193[10]
194[9]
195[10]
196[8]
197[10]
198[9]
199[10]
200[7]
201[10]
202[9]
203[10]
204[8]
205[10]
206[9]
207[10]
208[6]
209[10]
210[9]
211[10]
212[8]
213[10]
214[9]
215[10]
216[7]
217[10]
218[9]
219[10]
220[8]
221[10]
222[9]
223[10]
224[5]
225[10]
226[9]
227[10]
228[8]
229[10]
230[9]
231[10]
232[7]
233[10]
234[9]
235[10]
236[8]
237[10]
238[9]
239[10]
240[6]
241[10]
242[9]
243[10]
244[8]
245[10]
246[9]
247[10]
248[7]
249[10]
250[9]
251[10]
252[8]
253[10]
254[9]
255[10]
256[2]
257[10]
258[9]
259[10]
260[8]
261[10]
262[9]
263[10]
264[7]
265[10]
266[9]
267[10]
268[8]
269[10]
270[9]
271[10]
272[6]
273[10]
274[9]
275[10]
276[8]
277[10]
278[9]
279[10]
280[7]
281[10]
282[9]
283[10]
284[8]
285[10]
286[9]
287[10]
288[5]
289[10]
290[9]
291[10]
292[8]
293[10]
294[9]
295[10]
296[7]
297[10]
298[9]
299[10]
300[8]
301[10]
302[9]
303[10]
304[6]
305[10]
306[9]
307[10]
308[8]
309[10]
310[9]
311[10]
312[7]
313[10]
314[9]
315[10]
316[8]
317[10]
318[9]
319[10]
320[4]
321[10]
322[9]
323[10]
324[8]
325[10]
326[9]
327[10]
328[7]
329[10]
330[9]
331[10]
332[8]
333[10]
334[9]
335[10]
336[6]
337[10]
338[9]
339[10]
340[8]
341[10]
342[9]
343[10]
344[7]
345[10]
346[9]
347[10]
348[8]
349[10]
350[9]
351[10]
352[5]
353[10]
354[9]
355[10]
356[8]
357[10]
358[9]
359[10]
360[7]
361[10]
362[9]
363[10]
364[8]
365[10]
366[9]
367[10]
368[6]
369[10]
370[9]
371[10]
372[8]
373[10]
374[9]
375[10]
376[7]
377[10]
378[9]
379[10]
380[8]
381[10]
382[9]
383[10]
384[3]
385[10]
386[9]
387[10]
388[8]
389[10]
390[9]
391[10]
392[7]
393[10]
394[9]
395[10]
396[8]
397[10]
398[9]
399[10]
400[6]
401[10]
402[9]
403[10]
404[8]
405[10]
406[9]
407[10]
408[7]
409[10]
410[9]
411[10]
412[8]
413[10]
414[9]
415[10]
416[5]
417[10]
418[9]
419[10]
420[8]
421[10]
422[9]
423[10]
424[7]
425[10]
426[9]
427[10]
428[8]
429[10]
430[9]
431[10]
432[6]
433[10]
434[9]
435[10]
436[8]
437[10]
438[9]
439[10]
440[7]
441[10]
442[9]
443[10]
444[8]
445[10]
446[9]
447[10]
448[4]
449[10]
450[9]
451[10]
452[8]
453[10]
454[9]
455[10]
456[7]
457[10]
458[9]
459[10]
460[8]
461[10]
462[9]
463[10]
464[6]
465[10]
466[9]
467[10]
468[8]
469[10]
470[9]
471[10]
472[7]
473[10]
474[9]
475[10]
476[8]
477[10]
478[9]
479[10]
480[5]
481[10]
482[9]
483[10]
484[8]
485[10]
486[9]
487[10]
488[7]
489[10]
490[9]
491[10]
492[8]
493[10]
494[9]
495[10]
496[6]
497[10]
498[9]
499[10]
500[8]
501[10]
502[9]
503[10]
504[7]
505[10]
506[9]
507[10]
508[8]
509[10]
510[9]
511[10]
512[1]
513[10]
514[9]
515[10]
516[8]
517[10]
518[9]
519[10]
520[7]
521[10]
522[9]
523[10]
524[8]
525[10]
526[9]
527[10]
528[6]
529[10]
530[9]
531[10]
532[8]
533[10]
534[9]
535[10]
536[7]
537[10]
538[9]
539[10]
540[8]
541[10]
542[9]
543[10]
544[5]
545[10]
546[9]
547[10]
548[8]
549[10]
550[9]
551[10]
552[7]
553[10]
554[9]
555[10]
556[8]
557[10]
558[9]
559[10]
560[6]
561[10]
562[9]
563[10]
564[8]
565[10]
566[9]
567[10]
568[7]
569[10]
570[9]
571[10]
572[8]
573[10]
574[9]
575[10]
576[4]
577[10]
578[9]
579[10]
580[8]
581[10]
582[9]
583[10]
584[7]
585[10]
586[9]
587[10]
588[8]
589[10]
590[9]
591[10]
592[6]
593[10]
594[9]
595[10]
596[8]
597[10]
598[9]
599[10]
600[7]
601[10]
602[9]
603[10]
604[8]
605[10]
606[9]
607[10]
608[5]
609[10]
610[9]
611[10]
612[8]
613[10]
614[9]
615[10]
616[7]
617[10]
618[9]
619[10]
620[8]
621[10]
622[9]
623[10]
624[6]
625[10]
626[9]
627[10]
628[8]
629[10]
630[9]
631[10]
632[7]
633[10]
634[9]
635[10]
636[8]
637[10]
638[9]
639[10]
640[3]
641[10]
642[9]
643[10]
644[8]
645[10]
646[9]
647[10]
648[7]
649[10]
650[9]
651[10]
652[8]
653[10]
654[9]
655[10]
656[6]
657[10]
658[9]
659[10]
660[8]
661[10]
662[9]
663[10]
664[7]
665[10]
666[9]
667[10]
668[8]
669[10]
670[9]
671[10]
672[5]
673[10]
674[9]
675[10]
676[8]
677[10]
678[9]
679[10]
680[7]
681[10]
682[9]
683[10]
684[8]
685[10]
686[9]
687[10]
688[6]
689[10]
690[9]
691[10]
692[8]
693[10]
694[9]
695[10]
696[7]
697[10]
698[9]
699[10]
700[8]
701[10]
702[9]
703[10]
704[4]
705[10]
706[9]
707[10]
708[8]
709[10]
710[9]
711[10]
712[7]
713[10]
714[9]
715[10]
716[8]
717[10]
718[9]
719[10]
720[6]
721[10]
722[9]
723[10]
724[8]
725[10]
726[9]
727[10]
728[7]
729[10]
730[9]
731[10]
732[8]
733[10]
734[9]
735[10]
736[5]
737[10]
738[9]
739[10]
740[8]
741[10]
742[9]
743[10]
744[7]
745[10]
746[9]
747[10]
748[8]
749[10]
750[9]
751[10]
752[6]
753[10]
754[9]
755[10]
756[8]
757[10]
758[9]
759[10]
760[7]
761[10]
762[9]
763[10]
764[8]
765[10]
766[9]
767[10]
768[2]
769[10]
770[9]
771[10]
772[8]
773[10]
774[9]
775[10]
776[7]
777[10]
778[9]
779[10]
780[8]
781[10]
782[9]
783[10]
784[6]
785[10]
786[9]
787[10]
788[8]
789[10]
790[9]
791[10]
792[7]
793[10]
794[9]
795[10]
796[8]
797[10]
798[9]
799[10]
800[5]
801[10]
802[9]
803[10]
804[8]
805[10]
806[9]
807[10]
808[7]
809[10]
810[9]
811[10]
812[8]
813[10]
814[9]
815[10]
816[6]
817[10]
818[9]
819[10]
820[8]
821[10]
822[9]
823[10]
824[7]
825[10]
826[9]
827[10]
828[8]
829[10]
830[9]
831[10]
832[4]
833[10]
834[9]
835[10]
836[8]
837[10]
838[9]
839[10]
840[7]
841[10]
842[9]
843[10]
844[8]
845[10]
846[9]
847[10]
848[6]
849[10]
850[9]
851[10]
852[8]
853[10]
854[9]
855[10]
856[7]
857[10]
858[9]
859[10]
860[8]
861[10]
862[9]
863[10]
864[5]
865[10]
866[9]
867[10]
868[8]
869[10]
870[9]
871[10]
872[7]
873[10]
874[9]
875[10]
876[8]
877[10]
878[9]
879[10]
880[6]
881[10]
882[9]
883[10]
884[8]
885[10]
886[9]
887[10]
888[7]
889[10]
890[9]
891[10]
892[8]
893[10]
894[9]
895[10]
896[3]
897[10]
898[9]
899[10]
900[8]
901[10]
902[9]
903[10]
904[7]
905[10]
906[9]
907[10]
908[8]
909[10]
910[9]
911[10]
912[6]
913[10]
914[9]
915[10]
916[8]
917[10]
918[9]
919[10]
920[7]
921[10]
922[9]
923[10]
924[8]
925[10]
926[9]
927[10]
928[5]
929[10]
930[9]
931[10]
932[8]
933[10]
934[9]
935[10]
936[7]
937[10]
938[9]
939[10]
940[8]
941[10]
942[9]
943[10]
944[6]
945[10]
946[9]
947[10]
948[8]
949[10]
950[9]
951[10]
952[7]
953[10]
954[9]
955[10]
956[8]
957[10]
958[9]
959[10]
960[4]
961[10]
962[9]
963[10]
964[8]
965[10]
966[9]
967[10]
968[7]
969[10]
970[9]
971[10]
972[8]
973[10]
974[9]
975[10]
976[6]
977[10]
978[9]
979[10]
980[8]
981[10]
982[9]
983[10]
984[7]
985[10]
986[9]
987[10]
988[8]
989[10]
990[9]
991[10]
992[5]
993[10]
994[9]
995[10]
996[8]
997[10]
998[9]
999[10]
1000[7]
1001[10]
1002[9]
1003[10]
1004[8]
1005[10]
1006[9]
1007[10]
1008[6]
1009[10]
1010[9]
1011[10]
1012[8]
1013[10]
1014[9]
1015[10]
1016[7]
1017[10]
1018[9]
1019[10]
1020[8]
1021[10]
1022[9]
1023[10]
1024[0]
1025[10]
1026[9]
1027[10]
1028[8]
1029[10]
1030[9]
1031[10]
1032[7]
1033[10]
1034[9]
1035[10]
1036[8]
1037[10]
1038[9]
1039[10]
1040[6]
1041[10]
1042[9]
1043[10]
1044[8]
1045[10]
1046[9]
1047[10]
1048[7]
1049[10]
1050[9]
1051[10]
1052[8]
1053[10]
1054[9]
1055[10]
1056[5]
1057[10]
1058[9]
1059[10]
1060[8]
1061[10]
1062[9]
1063[10]
1064[7]
1065[10]
1066[9]
1067[10]
1068[8]
1069[10]
1070[9]
1071[10]
1072[6]
1073[10]
1074[9]
1075[10]
1076[8]
1077[10]
1078[9]
1079[10]
1080[7]
1081[10]
1082[9]
1083[10]
1084[8]
1085[10]
1086[9]
1087[10]
1088[4]
1089[10]
1090[9]
1091[10]
1092[8]
1093[10]
1094[9]
1095[10]
1096[7]
1097[10]
1098[9]
1099[10]
1100[8]
1101[10]
1102[9]
1103[10]
1104[6]
1105[10]
1106[9]
1107[10]
1108[8]
1109[10]
1110[9]
1111[10]
1112[7]
1113[10]
1114[9]
1115[10]
1116[8]
1117[10]
1118[9]
1119[10]
1120[5]
1121[10]
1122[9]
1123[10]
1124[8]
1125[10]
1126[9]
1127[10]
1128[7]
1129[10]
1130[9]
1131[10]
1132[8]
1133[10]
1134[9]
1135[10]
1136[6]
1137[10]
1138[9]
1139[10]
1140[8]
1141[10]
1142[9]
1143[10]
1144[7]
1145[10]
1146[9]
1147[10]
1148[8]
1149[10]
1150[9]
1151[10]
1152[3]
1153[10]
1154[9]
1155[10]
1156[8]
1157[10]
1158[9]
1159[10]
1160[7]
1161[10]
1162[9]
1163[10]
1164[8]
1165[10]
1166[9]
1167[10]
1168[6]
1169[10]
1170[9]
1171[10]
1172[8]
1173[10]
1174[9]
1175[10]
1176[7]
1177[10]
1178[9]
1179[10]
1180[8]
1181[10]
1182[9]
1183[10]
1184[5]
1185[10]
1186[9]
1187[10]
1188[8]
1189[10]
1190[9]
1191[10]
1192[7]
1193[10]
1194[9]
1195[10]
1196[8]
1197[10]
1198[9]
1199[10]
1200[6]
1201[10]
1202[9]
1203[10]
1204[8]
1205[10]
1206[9]
1207[10]
1208[7]
1209[10]
1210[9]
1211[10]
1212[8]
1213[10]
1214[9]
1215[10]
1216[4]
1217[10]
1218[9]
1219[10]
1220[8]
1221[10]
1222[9]
1223[10]
1224[7]
1225[10]
1226[9]
1227[10]
1228[8]
1229[10]
1230[9]
1231[10]
1232[6]
1233[10]
1234[9]
1235[10]
1236[8]
1237[10]
1238[9]
1239[10]
1240[7]
1241[10]
1242[9]
1243[10]
1244[8]
1245[10]
1246[9]
1247[10]
1248[5]
1249[10]
1250[9]
1251[10]
1252[8]
1253[10]
1254[9]
1255[10]
1256[7]
1257[10]
1258[9]
1259[10]
1260[8]
1261[10]
1262[9]
1263[10]
1264[6]
1265[10]
1266[9]
1267[10]
1268[8]
1269[10]
1270[9]
1271[10]
1272[7]
1273[10]
1274[9]
1275[10]
1276[8]
1277[10]
1278[9]
1279[10]
1280[2]
1281[10]
1282[9]
1283[10]
1284[8]
1285[10]
1286[9]
1287[10]
1288[7]
1289[10]
1290[9]
1291[10]
1292[8]
1293[10]
1294[9]
1295[10]
1296[6]
1297[10]
1298[9]
1299[10]
1300[8]
1301[10]
1302[9]
1303[10]
1304[7]
1305[10]
1306[9]
1307[10]
1308[8]
1309[10]
1310[9]
1311[10]
1312[5]
1313[10]
1314[9]
1315[10]
1316[8]
1317[10]
1318[9]
1319[10]
1320[7]
1321[10]
1322[9]
1323[10]
1324[8]
1325[10]
1326[9]
1327[10]
1328[6]
1329[10]
1330[9]
1331[10]
1332[8]
1333[10]
1334[9]
1335[10]
1336[7]
1337[10]
1338[9]
1339[10]
1340[8]
1341[10]
1342[9]
1343[10]
1344[4]
1345[10]
1346[9]
1347[10]
1348[8]
1349[10]
1350[9]
1351[10]
1352[7]
1353[10]
1354[9]
1355[10]
1356[8]
1357[10]
1358[9]
1359[10]
1360[6]
1361[10]
1362[9]
1363[10]
1364[8]
1365[10]
1366[9]
1367[10]
1368[7]
1369[10]
1370[9]
1371[10]
1372[8]
1373[10]
1374[9]
1375[10]
1376[5]
1377[10]
1378[9]
1379[10]
1380[8]
1381[10]
1382[9]
1383[10]
1384[7]
1385[10]
1386[9]
1387[10]
1388[8]
1389[10]
1390[9]
1391[10]
1392[6]
1393[10]
1394[9]
1395[10]
1396[8]
1397[10]
1398[9]
1399[10]
1400[7]
1401[10]
1402[9]
1403[10]
1404[8]
1405[10]
1406[9]
1407[10]
1408[3]
1409[10]
1410[9]
1411[10]
1412[8]
1413[10]
1414[9]
1415[10]
1416[7]
1417[10]
1418[9]
1419[10]
1420[8]
1421[10]
1422[9]
1423[10]
1424[6]
1425[10]
1426[9]
1427[10]
1428[8]
1429[10]
1430[9]
1431[10]
1432[7]
1433[10]
1434[9]
1435[10]
1436[8]
1437[10]
1438[9]
1439[10]
1440[5]
1441[10]
1442[9]
1443[10]
1444[8]
1445[10]
1446[9]
1447[10]
1448[7]
1449[10]
1450[9]
1451[10]
1452[8]
1453[10]
1454[9]
1455[10]
1456[6]
1457[10]
1458[9]
1459[10]
1460[8]
1461[10]
1462[9]
1463[10]
1464[7]
1465[10]
1466[9]
1467[10]
1468[8]
1469[10]
1470[9]
1471[10]
1472[4]
1473[10]
1474[9]
1475[10]
1476[8]
1477[10]
1478[9]
1479[10]
1480[7]
1481[10]
1482[9]
1483[10]
1484[8]
1485[10]
1486[9]
1487[10]
1488[6]
1489[10]
1490[9]
1491[10]
1492[8]
1493[10]
1494[9]
1495[10]
1496[7]
1497[10]
1498[9]
1499[10]
1500[8]
1501[10]
1502[9]
1503[10]
1504[5]
1505[10]
1506[9]
1507[10]
1508[8]
1509[10]
1510[9]
1511[10]
1512[7]
1513[10]
1514[9]
1515[10]
1516[8]
1517[10]
1518[9]
1519[10]
1520[6]
1521[10]
1522[9]
1523[10]
1524[8]
1525[10]
1526[9]
1527[10]
1528[7]
1529[10]
1530[9]
1531[10]
1532[8]
1533[10]
1534[9]
1535[10]
1536[1]
1537[10]
1538[9]
1539[10]
1540[8]
1541[10]
1542[9]
1543[10]
1544[7]
1545[10]
1546[9]
1547[10]
1548[8]
1549[10]
1550[9]
1551[10]
1552[6]
1553[10]
1554[9]
1555[10]
1556[8]
1557[10]
1558[9]
1559[10]
1560[7]
1561[10]
1562[9]
1563[10]
1564[8]
1565[10]
1566[9]
1567[10]
1568[5]
1569[10]
1570[9]
1571[10]
1572[8]
1573[10]
1574[9]
1575[10]
1576[7]
1577[10]
1578[9]
1579[10]
1580[8]
1581[10]
1582[9]
1583[10]
1584[6]
1585[10]
1586[9]
1587[10]
1588[8]
1589[10]
1590[9]
1591[10]
1592[7]
1593[10]
1594[9]
1595[10]
1596[8]
1597[10]
1598[9]
1599[10]
1600[4]
1601[10]
1602[9]
1603[10]
1604[8]
1605[10]
1606[9]
1607[10]
1608[7]
1609[10]
1610[9]
1611[10]
1612[8]
1613[10]
1614[9]
1615[10]
1616[6]
1617[10]
1618[9]
1619[10]
1620[8]
1621[10]
1622[9]
1623[10]
1624[7]
1625[10]
1626[9]
1627[10]
1628[8]
1629[10]
1630[9]
1631[10]
1632[5]
1633[10]
1634[9]
1635[10]
1636[8]
1637[10]
1638[9]
1639[10]
1640[7]
1641[10]
1642[9]
1643[10]
1644[8]
1645[10]
1646[9]
1647[10]
1648[6]
1649[10]
1650[9]
1651[10]
1652[8]
1653[10]
1654[9]
1655[10]
1656[7]
1657[10]
1658[9]
1659[10]
1660[8]
1661[10]
1662[9]
1663[10]
1664[3]
1665[10]
1666[9]
1667[10]
1668[8]
1669[10]
1670[9]
1671[10]
1672[7]
1673[10]
1674[9]
1675[10]
1676[8]
1677[10]
1678[9]
1679[10]
1680[6]
1681[10]
1682[9]
1683[10]
1684[8]
1685[10]
1686[9]
1687[10]
1688[7]
1689[10]
1690[9]
1691[10]
1692[8]
1693[10]
1694[9]
1695[10]
1696[5]
1697[10]
1698[9]
1699[10]
1700[8]
1701[10]
1702[9]
1703[10]
1704[7]
1705[10]
1706[9]
1707[10]
1708[8]
1709[10]
1710[9]
1711[10]
1712[6]
1713[10]
1714[9]
1715[10]
1716[8]
1717[10]
1718[9]
1719[10]
1720[7]
1721[10]
1722[9]
1723[10]
1724[8]
1725[10]
1726[9]
1727[10]
1728[4]
1729[10]
1730[9]
1731[10]
1732[8]
1733[10]
1734[9]
1735[10]
1736[7]
1737[10]
1738[9]
1739[10]
1740[8]
1741[10]
1742[9]
1743[10]
1744[6]
1745[10]
1746[9]
1747[10]
1748[8]
1749[10]
1750[9]
1751[10]
1752[7]
1753[10]
1754[9]
1755[10]
1756[8]
1757[10]
1758[9]
1759[10]
1760[5]
1761[10]
1762[9]
1763[10]
1764[8]
1765[10]
1766[9]
1767[10]
1768[7]
1769[10]
1770[9]
1771[10]
1772[8]
1773[10]
1774[9]
1775[10]
1776[6]
1777[10]
1778[9]
1779[10]
1780[8]
1781[10]
1782[9]
1783[10]
1784[7]
1785[10]
1786[9]
1787[10]
1788[8]
1789[10]
1790[9]
1791[10]
1792[2]
1793[10]
1794[9]
1795[10]
1796[8]
1797[10]
1798[9]
1799[10]
1800[7]
1801[10]
1802[9]
1803[10]
1804[8]
1805[10]
1806[9]
1807[10]
1808[6]
1809[10]
1810[9]
1811[10]
1812[8]
1813[10]
1814[9]
1815[10]
1816[7]
1817[10]
1818[9]
1819[10]
1820[8]
1821[10]
1822[9]
1823[10]
1824[5]
1825[10]
1826[9]
1827[10]
1828[8]
1829[10]
1830[9]
1831[10]
1832[7]
1833[10]
1834[9]
1835[10]
1836[8]
1837[10]
1838[9]
1839[10]
1840[6]
1841[10]
1842[9]
1843[10]
1844[8]
1845[10]
1846[9]
1847[10]
1848[7]
1849[10]
1850[9]
1851[10]
1852[8]
1853[10]
1854[9]
1855[10]
1856[4]
1857[10]
1858[9]
1859[10]
1860[8]
1861[10]
1862[9]
1863[10]
1864[7]
1865[10]
1866[9]
1867[10]
1868[8]
1869[10]
1870[9]
1871[10]
1872[6]
1873[10]
1874[9]
1875[10]
1876[8]
1877[10]
1878[9]
1879[10]
1880[7]
1881[10]
1882[9]
1883[10]
1884[8]
1885[10]
1886[9]
1887[10]
1888[5]
1889[10]
1890[9]
1891[10]
1892[8]
1893[10]
1894[9]
1895[10]
1896[7]
1897[10]
1898[9]
1899[10]
1900[8]
1901[10]
1902[9]
1903[10]
1904[6]
1905[10]
1906[9]
1907[10]
1908[8]
1909[10]
1910[9]
1911[10]
1912[7]
1913[10]
1914[9]
1915[10]
1916[8]
1917[10]
1918[9]
1919[10]
1920[3]
1921[10]
1922[9]
1923[10]
1924[8]
1925[10]
1926[9]
1927[10]
1928[7]
1929[10]
1930[9]
1931[10]
1932[8]
1933[10]
1934[9]
1935[10]
1936[6]
1937[10]
1938[9]
1939[10]
1940[8]
1941[10]
1942[9]
1943[10]
1944[7]
1945[10]
1946[9]
1947[10]
1948[8]
1949[10]
1950[9]
1951[10]
1952[5]
1953[10]
1954[9]
1955[10]
1956[8]
1957[10]
1958[9]
1959[10]
1960[7]
1961[10]
1962[9]
1963[10]
1964[8]
1965[10]
1966[9]
1967[10]
1968[6]
1969[10]
1970[9]
1971[10]
1972[8]
1973[10]
1974[9]
1975[10]
1976[7]
1977[10]
1978[9]
1979[10]
1980[8]
1981[10]
1982[9]
1983[10]
1984[4]
1985[10]
1986[9]
1987[10]
1988[8]
1989[10]
1990[9]
1991[10]
1992[7]
1993[10]
1994[9]
1995[10]
1996[8]
1997[10]
1998[9]
1999[10]
2000[6]
2001[10]
2002[9]
2003[10]
2004[8]
2005[10]
2006[9]
2007[10]
2008[7]
2009[10]
2010[9]
2011[10]
2012[8]
2013[10]
2014[9]
2015[10]
2016[5]
2017[10]
2018[9]
2019[10]
2020[8]
2021[10]
2022[9]
2023[10]
2024[7]
2025[10]
2026[9]
2027[10]
2028[8]
2029[10]
2030[9]
2031[10]
2032[6]
2033[10]
2034[9]
2035[10]
2036[8]
2037[10]
2038[9]
2039[10]
2040[7]
2041[10]
2042[9]
2043[10]
2044[8]
2045[10]
2046[9]
2047[10]
