1[11]
2[10]
3[11]
4[13]
5[12]
6[13]
7[9]
8[8]
9[11]
10[10]
11[13]
12[15]
13[17]
14[16]
15[14]
16[15]
17[12]
18[11]
19[9]
20[12]
21[11]
22[12]
23[10]
24[12]
25[11]
26[12]
27[13]
28[7]
29[8]
30[9]
31[6]
32[9]
33[10]
34[8]
35[11]
36[10]
37[9]
38[10]
39[7]
40[5]
41[11]
42[10]
43[11]
44[9]
45[8]
46[9]
47[10]
48[7]
49[8]
50[6]
51[10]
52[9]
53[12]
54[11]
55[13]
56[12]
57[15]
58[14]
59[16]
60[15]
61[13]
62[15]
63[16]
64[14]
65[15]
66[17]
67[16]
68[17]
69[10]
70[8]
71[10]
72[9]
73[10]
74[7]
75[9]
76[8]
77[4]
78[8]
79[7]
80[8]
81[10]
82[11]
83[13]
84[14]
85[12]
86[9]
87[10]
88[12]
89[13]
90[11]
91[12]
92[6]
93[5]
94[9]
95[10]
96[8]
97[9]
98[10]
99[7]
100[10]
101[12]
102[11]
103[9]
104[14]
105[13]
106[12]
107[16]
108[18]
109[17]
110[18]
111[15]
112[14]
113[15]
114[13]
115[11]
116[12]
117[13]
118[10]
119[12]
120[11]
121[8]
122[11]
123[10]
124[15]
125[16]
126[14]
127[13]
128[12]
129[15]
130[14]
131[13]
132[15]
133[14]
134[15]
135[16]
136[11]
137[14]
138[13]
139[12]
140[14]
141[15]
142[16]
143[13]
144[15]
145[16]
146[14]
147[15]
148[9]
149[11]
150[12]
151[10]
152[13]
153[12]
154[11]
155[14]
156[13]
157[12]
158[6]
159[12]
160[11]
161[12]
162[10]
163[9]
164[10]
165[11]
166[14]
167[13]
168[12]
169[14]
170[15]
171[13]
172[14]
173[8]
174[10]
175[9]
176[12]
177[11]
178[14]
179[13]
180[12]
181[10]
182[12]
183[11]
184[12]
185[7]
186[3]
187[7]
188[6]
189[11]
190[10]
191[11]
192[9]
193[10]
194[8]
195[9]
196[7]
197[8]
198[9]
199[5]
200[9]
201[8]
202[9]
203[7]
204[9]
205[8]
206[6]
207[9]
208[10]
209[8]
210[9]
211[10]
212[12]
213[14]
214[13]
215[11]
216[7]
217[10]
218[11]
219[9]
220[8]
221[4]
222[12]
223[11]
224[10]
225[11]
226[12]
227[9]
228[11]
229[12]
230[10]
231[12]
232[11]
233[13]
234[12]
235[13]
236[8]
237[10]
238[11]
239[12]
240[14]
241[15]
242[13]
243[9]
244[10]
245[7]
246[11]
247[14]
248[13]
249[14]
250[12]
251[13]
252[10]
253[12]
254[13]
255[11]
256[13]
257[12]
258[9]
259[13]
260[12]
261[11]
262[12]
263[10]
264[11]
265[8]
266[12]
267[11]
268[10]
269[9]
270[6]
271[12]
272[13]
273[11]
274[10]
275[11]
276[9]
277[11]
278[13]
279[12]
280[13]
281[18]
282[17]
283[19]
284[18]
285[19]
286[16]
287[15]
288[16]
289[17]
290[14]
291[15]
292[10]
293[14]
294[13]
295[14]
296[16]
297[15]
298[12]
299[15]
300[14]
301[13]
302[14]
303[11]
304[15]
305[14]
306[15]
307[16]
308[13]
309[12]
310[8]
311[13]
312[12]
313[11]
314[10]
315[12]
316[14]
317[16]
318[15]
319[13]
320[16]
321[15]
322[14]
323[15]
324[11]
325[9]
326[7]
327[10]
328[9]
329[12]
330[11]
331[12]
332[10]
333[11]
334[8]
335[10]
336[9]
337[10]
338[5]
339[7]
340[6]
341[8]
342[9]
343[7]
344[8]
345[2]
346[7]
347[8]
348[6]
349[5]
350[8]
351[7]
352[6]
353[7]
354[8]
355[9]
356[4]
357[8]
358[7]
359[10]
360[9]
361[12]
362[11]
363[10]
364[11]
365[12]
366[8]
367[6]
368[7]
369[9]
370[10]
371[8]
372[5]
373[10]
374[9]
375[10]
376[8]
377[14]
378[13]
379[15]
380[14]
381[12]
382[14]
383[13]
384[14]
385[15]
386[16]
387[11]
388[14]
389[13]
390[12]
391[14]
392[13]
393[15]
394[14]
395[15]
396[10]
397[12]
398[11]
399[9]
400[12]
401[11]
402[13]
403[12]
404[13]
405[10]
406[12]
407[11]
408[7]
409[8]
410[10]
411[11]
412[9]
413[10]
414[11]
415[12]
416[6]
417[10]
418[9]
419[8]
420[7]
421[11]
422[10]
423[9]
424[10]
425[8]
426[10]
427[11]
428[9]
429[3]
430[7]
431[6]
432[5]
433[4]
434[8]
435[9]
436[10]
437[7]
438[12]
439[11]
440[10]
441[9]
442[8]
443[11]
444[13]
445[16]
446[18]
447[17]
448[15]
449[16]
450[14]
451[12]
452[13]
453[10]
454[11]
455[9]
456[6]
457[8]
458[12]
459[11]
460[13]
461[12]
462[13]
463[10]
464[13]
465[14]
466[12]
467[13]
468[11]
469[12]
470[14]
471[16]
472[15]
473[13]
474[9]
475[12]
476[11]
477[10]
478[7]
479[12]
480[13]
481[11]
482[10]
483[11]
484[9]
485[12]
486[11]
487[12]
488[10]
489[13]
490[14]
491[15]
492[12]
493[13]
494[11]
495[13]
496[12]
497[13]
498[14]
499[8]
500[10]
501[9]
502[10]
503[12]
504[11]
505[5]
506[7]
507[6]
508[7]
509[1]
510[12]
511[15]
512[14]
513[13]
514[11]
515[12]
516[10]
517[11]
518[9]
519[13]
520[12]
521[11]
522[14]
523[17]
524[16]
525[15]
526[13]
527[14]
528[12]
529[13]
530[14]
531[10]
532[12]
533[11]
534[16]
535[15]
536[16]
537[14]
538[13]
539[14]
540[12]
541[8]
542[11]
543[10]
544[14]
545[13]
546[12]
547[15]
548[14]
549[13]
550[14]
551[11]
552[13]
553[12]
554[13]
555[15]
556[14]
557[9]
558[11]
559[10]
560[12]
561[11]
562[12]
563[13]
564[7]
565[10]
566[9]
567[10]
568[11]
569[8]
570[13]
571[12]
572[14]
573[16]
574[15]
575[13]
576[14]
577[11]
578[13]
579[12]
580[14]
581[13]
582[14]
583[10]
584[12]
585[11]
586[9]
587[10]
588[12]
589[13]
590[11]
591[13]
592[12]
593[6]
594[12]
595[11]
596[10]
597[11]
598[12]
599[9]
600[13]
601[12]
602[13]
603[11]
604[10]
605[14]
606[13]
607[14]
608[12]
609[14]
610[15]
611[13]
612[14]
613[11]
614[12]
615[8]
616[10]
617[9]
618[12]
619[13]
620[11]
621[14]
622[13]
623[12]
624[13]
625[10]
626[12]
627[11]
628[7]
629[5]
630[8]
631[7]
632[9]
633[8]
634[9]
635[6]
636[9]
637[11]
638[10]
639[11]
640[12]
641[8]
642[9]
643[10]
644[13]
645[12]
646[13]
647[11]
648[7]
649[11]
650[10]
651[9]
652[8]
653[4]
654[11]
655[10]
656[9]
657[13]
658[12]
659[13]
660[11]
661[13]
662[12]
663[10]
664[11]
665[12]
666[8]
667[13]
668[12]
669[19]
670[18]
671[17]
672[16]
673[15]
674[14]
675[13]
676[14]
677[11]
678[13]
679[12]
680[14]
681[13]
682[14]
683[10]
684[14]
685[15]
686[13]
687[14]
688[12]
689[11]
690[12]
691[13]
692[9]
693[7]
694[11]
695[10]
696[11]
697[9]
698[8]
699[10]
700[9]
701[6]
702[7]
703[9]
704[12]
705[13]
706[11]
707[12]
708[10]
709[11]
710[13]
711[12]
712[8]
713[11]
714[10]
715[9]
716[10]
717[5]
718[12]
719[11]
720[12]
721[14]
722[13]
723[10]
724[11]
725[9]
726[12]
727[11]
728[12]
729[10]
730[11]
731[12]
732[8]
733[9]
734[7]
735[8]
736[10]
737[9]
738[10]
739[6]
740[9]
741[11]
742[13]
743[12]
744[10]
745[11]
746[8]
747[10]
748[9]
749[12]
750[13]
751[11]
752[13]
753[14]
754[12]
755[10]
756[7]
757[11]
758[10]
759[12]
760[11]
761[12]
762[9]
763[10]
764[8]
765[3]
766[11]
767[10]
768[14]
769[13]
770[14]
771[12]
772[13]
773[11]
774[14]
775[16]
776[15]
777[13]
778[17]
779[16]
780[15]
781[14]
782[15]
783[16]
784[12]
785[17]
786[16]
787[15]
788[14]
789[17]
790[16]
791[15]
792[13]
793[9]
794[10]
795[15]
796[16]
797[14]
798[13]
799[14]
800[12]
801[15]
802[14]
803[13]
804[11]
805[8]
806[7]
807[10]
808[9]
809[11]
810[10]
811[11]
812[12]
813[13]
814[8]
815[9]
816[11]
817[10]
818[12]
819[13]
820[11]
821[12]
822[6]
823[5]
824[4]
825[8]
826[7]
827[13]
828[12]
829[11]
830[10]
831[11]
832[12]
833[13]
834[9]
835[10]
836[11]
837[8]
838[13]
839[14]
840[12]
841[14]
842[13]
843[11]
844[12]
845[13]
846[10]
847[9]
848[6]
849[7]
850[9]
851[8]
852[11]
853[10]
854[11]
855[9]
856[10]
857[11]
858[12]
859[5]
860[6]
861[7]
862[2]
863[6]
864[7]
865[5]
866[4]
867[7]
868[10]
869[9]
870[10]
871[8]
872[6]
873[5]
874[7]
875[8]
876[6]
877[3]
878[8]
879[9]
880[7]
881[8]
882[6]
883[5]
884[12]
885[11]
886[12]
887[10]
888[11]
889[9]
890[8]
891[9]
892[7]
893[8]
894[6]
895[9]
896[8]
897[10]
898[9]
899[12]
900[11]
901[10]
902[11]
903[7]
904[8]
905[4]
906[6]
907[5]
908[9]
909[10]
910[8]
911[7]
912[6]
913[0]
914[7]
915[6]
916[7]
917[11]
918[10]
919[11]
920[9]
921[11]
922[10]
923[11]
924[8]
925[5]
926[9]
927[8]
928[7]
929[6]
930[4]
931[7]
932[8]
933[6]
934[7]
935[5]
936[6]
937[9]
938[8]
939[7]
940[8]
941[10]
942[9]
943[10]
944[3]
945[8]
946[7]
947[8]
948[9]
949[6]
950[7]
951[9]
952[10]
953[11]
954[8]
955[13]
956[14]
957[12]
958[13]
959[11]
960[10]
961[9]
962[5]
963[6]
964[9]
965[10]
966[8]
967[11]
968[10]
969[9]
970[13]
971[12]
972[11]
973[10]
974[13]
975[12]
976[13]
977[11]
978[7]
979[4]
980[8]
981[7]
982[6]
983[8]
984[7]
985[9]
986[11]
987[12]
988[10]
989[11]
990[8]
991[5]
992[6]
993[7]
994[9]
995[11]
996[10]
997[8]
998[11]
999[10]
1000[9]
1001[10]
1002[2]
1003[13]
1004[12]
1005[11]
1006[12]
1007[10]
1008[13]
1009[12]
1010[13]
1011[11]
1012[9]
1013[11]
1014[10]
1015[13]
1016[12]
1017[11]
1018[12]
1019[13]
1020[8]
1021[11]
1022[10]
1023[11]
1024[9]
1025[14]
1026[15]
1027[13]
1028[12]
1029[11]
1030[10]
1031[14]
1032[13]
1033[12]
1034[11]
1035[12]
1036[7]
1037[10]
1038[11]
1039[9]
1040[11]
1041[10]
1042[12]
1043[11]
1044[8]
1045[6]
1046[14]
1047[13]
1048[12]
1049[11]
1050[12]
1051[14]
1052[15]
1053[16]
1054[13]
1055[16]
1056[15]
1057[14]
1058[15]
1059[16]
1060[10]
1061[9]
1062[11]
1063[12]
1064[10]
1065[8]
1066[11]
1067[10]
1068[9]
1069[13]
1070[14]
1071[12]
1072[14]
1073[13]
1074[14]
1075[11]
1076[12]
1077[13]
1078[10]
1079[11]
1080[7]
1081[5]
1082[12]
1083[11]
1084[10]
1085[11]
1086[9]
1087[13]
1088[12]
1089[13]
1090[14]
1091[11]
1092[13]
1093[12]
1094[13]
1095[10]
1096[11]
1097[8]
1098[9]
1099[10]
1100[7]
1101[9]
1102[10]
1103[8]
1104[6]
1105[10]
1106[9]
1107[8]
1108[9]
1109[7]
1110[9]
1111[10]
1112[14]
1113[13]
1114[14]
1115[12]
1116[11]
1117[13]
1118[12]
1119[8]
1120[10]
1121[11]
1122[12]
1123[9]
1124[11]
1125[10]
1126[11]
1127[4]
1128[9]
1129[12]
1130[11]
1131[13]
1132[15]
1133[14]
1134[15]
1135[12]
1136[10]
1137[13]
1138[12]
1139[11]
1140[12]
1141[8]
1142[10]
1143[9]
1144[13]
1145[14]
1146[12]
1147[14]
1148[13]
1149[15]
1150[16]
1151[14]
1152[15]
1153[11]
1154[10]
1155[11]
1156[7]
1157[8]
1158[15]
1159[14]
1160[16]
1161[17]
1162[15]
1163[13]
1164[16]
1165[17]
1166[15]
1167[18]
1168[17]
1169[16]
1170[14]
1171[16]
1172[15]
1173[12]
1174[18]
1175[17]
1176[21]
1177[20]
1178[19]
1179[20]
1180[18]
1181[16]
1182[15]
1183[14]
1184[15]
1185[16]
1186[13]
1187[15]
1188[16]
1189[17]
1190[14]
1191[11]
1192[12]
1193[10]
1194[13]
1195[14]
1196[12]
1197[11]
1198[9]
1199[10]
1200[6]
1201[10]
1202[11]
1203[9]
1204[11]
1205[12]
1206[10]
1207[11]
1208[16]
1209[15]
1210[16]
1211[14]
1212[15]
1213[16]
1214[17]
1215[13]
1216[14]
1217[12]
1218[13]
1219[16]
1220[15]
1221[16]
1222[14]
1223[8]
1224[12]
1225[14]
1226[13]
1227[11]
1228[12]
1229[13]
1230[10]
1231[14]
1232[13]
1233[16]
1234[15]
1235[16]
1236[17]
1237[14]
1238[12]
1239[11]
1240[13]
1241[12]
1242[13]
1243[9]
1244[11]
1245[13]
1246[12]
1247[13]
1248[10]
1249[11]
1250[12]
1251[7]
1252[14]
1253[15]
1254[13]
1255[14]
1256[12]
1257[15]
1258[14]
1259[16]
1260[17]
1261[15]
1262[16]
1263[17]
1264[18]
1265[13]
1266[17]
1267[18]
1268[16]
1269[18]
1270[20]
1271[19]
1272[20]
1273[17]
1274[18]
1275[19]
1276[15]
1277[17]
1278[16]
1279[14]
1280[17]
1281[16]
1282[17]
1283[15]
1284[11]
1285[14]
1286[13]
1287[12]
1288[14]
1289[15]
1290[13]
1291[15]
1292[14]
1293[10]
1294[12]
1296[13]
1297[14]
1298[15]
1299[11]
1300[12]
1301[9]
1302[14]
1303[13]
1304[12]
1305[14]
1306[13]
1307[14]
1308[11]
1309[12]
1310[14]
1311[15]
1312[13]
1313[10]
1314[11]
1315[8]
1316[12]
1317[11]
1318[10]
1319[9]
1320[12]
1321[13]
1322[11]
1323[14]
1324[13]
1325[12]
1326[10]
1327[11]
1328[5]
1329[12]
1330[11]
1331[10]
1332[13]
1333[12]
1334[16]
1335[15]
1336[14]
1337[16]
1338[15]
1339[13]
1340[11]
1341[12]
1342[9]
1343[14]
1344[13]
1345[12]
1346[11]
1347[12]
1348[13]
1349[10]
1350[14]
1351[13]
1352[16]
1353[15]
1354[14]
1355[16]
1356[15]
1357[12]
1358[11]
1359[13]
1360[12]
1361[15]
1362[16]
1363[14]
1364[15]
1365[13]
1366[17]
1367[16]
1368[15]
1369[14]
1370[8]
1371[9]
1372[14]
1373[13]
1374[12]
1375[11]
1376[14]
1377[13]
1378[12]
1379[13]
1380[15]
1381[14]
1382[10]
1383[11]
1384[7]
1385[11]
1386[10]
1387[13]
1388[16]
1389[15]
1390[14]
1391[15]
1392[12]
1393[13]
1394[14]
1395[11]
1396[12]
1397[13]
1398[9]
1399[13]
1400[16]
1401[15]
1402[16]
1403[17]
1404[14]
1405[16]
1406[15]
1407[12]
1408[14]
1409[15]
1410[13]
1411[11]
1412[13]
1413[16]
1414[15]
1415[16]
1416[14]
1417[15]
1418[18]
1419[17]
1420[16]
1421[12]
1422[15]
1423[14]
1424[13]
1425[15]
1426[14]
1427[15]
1428[16]
1429[17]
1430[18]
1431[10]
1432[8]
1433[14]
1434[16]
1435[15]
1436[13]
1437[14]
1438[12]
1439[17]
1440[16]
1441[17]
1442[15]
1443[14]
1444[17]
1445[19]
1446[18]
1447[16]
1448[15]
1449[13]
1450[15]
1451[14]
1452[16]
1453[15]
1454[11]
1455[13]
1456[14]
1457[15]
1458[16]
1459[18]
1460[17]
1461[18]
1462[12]
1463[13]
1464[14]
1465[10]
1466[12]
1467[11]
1468[9]
1469[15]
1470[14]
1471[17]
1472[16]
1473[17]
1474[15]
1475[16]
1476[13]
1477[15]
1478[16]
1479[14]
1480[15]
1481[12]
1482[13]
1483[14]
1484[11]
1485[14]
1486[16]
1487[15]
1488[18]
1489[17]
1490[16]
1491[17]
1492[13]
1493[12]
1494[18]
1495[17]
1496[19]
1497[18]
1498[19]
1499[16]
1500[17]
1501[18]
1502[15]
1503[14]
1504[16]
1505[15]
1506[13]
1507[16]
1508[17]
1509[15]
1510[16]
1511[14]
1512[10]
1513[17]
1514[16]
1515[15]
1516[17]
1517[16]
1518[14]
1519[15]
1520[18]
1521[20]
1522[19]
1523[17]
1524[20]
1525[19]
1526[20]
1527[21]
1528[18]
1529[20]
1530[19]
1531[20]
1532[16]
1533[13]
1534[19]
1535[18]
1536[19]
1537[17]
1538[16]
1539[17]
1540[18]
1541[15]
1542[17]
1543[16]
1544[17]
1545[14]
1546[20]
1547[19]
1548[18]
1549[20]
1550[19]
1551[20]
1552[17]
1553[19]
1554[21]
1555[20]
1556[18]
1557[20]
1558[19]
1559[20]
1560[16]
1561[15]
1562[17]
1563[18]
1564[16]
1565[19]
1566[18]
1567[17]
1568[18]
1569[19]
1570[20]
1571[12]
1572[15]
1573[14]
1574[13]
1575[17]
1576[16]
1577[15]
1578[17]
1579[16]
1580[19]
1581[18]
1582[17]
1583[14]
1584[15]
1585[11]
1586[16]
1587[15]
1588[14]
1589[17]
1590[19]
1591[18]
1592[16]
1593[21]
1594[20]
1595[22]
1596[21]
1597[23]
1598[22]
1599[19]
1600[20]
1601[18]
1602[21]
1603[20]
1604[19]
1605[21]
1606[22]
1607[20]
1608[17]
1609[19]
1610[18]
1611[15]
1612[13]
1613[14]
1614[15]
1615[16]
1616[12]
1617[17]
1618[16]
1619[15]
1620[14]
1621[16]
1622[15]
1623[13]
1624[16]
1625[15]
1626[16]
1627[14]
1628[16]
1629[15]
1630[16]
1631[6]
1632[10]
1633[12]
1634[11]
1635[13]
1636[12]
1637[14]
1638[13]
1639[15]
1640[14]
1641[9]
1642[14]
1643[13]
1644[12]
1645[11]
1646[12]
1647[10]
1648[15]
1649[14]
1650[13]
1651[14]
1652[12]
1653[13]
1654[15]
1655[17]
1656[18]
1657[19]
1658[16]
1659[14]
1660[11]
1661[13]
1662[15]
1663[14]
1664[12]
1665[13]
1666[15]
1667[14]
1668[8]
1669[10]
1670[9]
1671[11]
1672[12]
1673[10]
1674[7]
1675[8]
1676[17]
1677[16]
1678[15]
1679[16]
1680[14]
1681[13]
1682[15]
1683[16]
1684[14]
1685[15]
1686[12]
1687[13]
1688[11]
1689[12]
1690[10]
1691[11]
1692[12]
1693[9]
1694[13]
1695[12]
1696[11]
1697[10]
1698[3]
1699[9]
1700[11]
1701[12]
1702[13]
1703[10]
1704[11]
1705[12]
1706[8]
1707[12]
1708[14]
1709[13]
1710[11]
1711[10]
1712[11]
1713[9]
1714[7]
1715[8]
1716[12]
1717[11]
1718[10]
1719[9]
1720[12]
1721[11]
1722[13]
1723[14]
1724[12]
1725[10]
1726[6]
1727[9]
1728[11]
1729[10]
1730[11]
1731[8]
1732[10]
1733[12]
1734[14]
1735[13]
1736[11]
1737[16]
1738[15]
1739[14]
1740[13]
1741[15]
1742[14]
1743[12]
1744[9]
1745[11]
1746[10]
1747[14]
1748[15]
1749[18]
1750[17]
1751[16]
1752[13]
1753[12]
1754[15]
1755[16]
1756[14]
1757[17]
1758[16]
1759[15]
1760[16]
1761[13]
1762[14]
1763[11]
1764[7]
1765[9]
1766[12]
1767[11]
1768[10]
1769[12]
1770[11]
1771[8]
1772[12]
1773[11]
1774[12]
1775[10]
1776[13]
1777[12]
1778[11]
1779[9]
1780[5]
1781[14]
1782[13]
1783[12]
1784[13]
1785[11]
1786[10]
1787[12]
1788[11]
1789[12]
1790[9]
1791[11]
1792[14]
1793[13]
1794[12]
1795[14]
1796[13]
1797[14]
1798[15]
1799[10]
1800[13]
1801[12]
1802[11]
1803[13]
1804[15]
1805[14]
1806[12]
1807[15]
1808[17]
1809[16]
1810[14]
1811[17]
1812[16]
1813[15]
1814[13]
1815[8]
1816[11]
1817[12]
1818[15]
1819[14]
1820[13]
1821[15]
1822[14]
1823[10]
1824[13]
1825[14]
1826[12]
1827[11]
1828[13]
1829[15]
1830[14]
1831[15]
1832[12]
1833[13]
1834[9]
1835[13]
1836[14]
1837[16]
1838[15]
1839[16]
1840[17]
1841[12]
1842[11]
1843[12]
1844[10]
1845[12]
1846[11]
1847[7]
1848[15]
1849[16]
1850[17]
1851[14]
1852[15]
1853[13]
1854[15]
1855[14]
1856[12]
1857[11]
1858[17]
1859[16]
1860[17]
1861[15]
1862[16]
1863[14]
1864[16]
1865[20]
1866[21]
1867[19]
1868[18]
1869[17]
1870[18]
1871[19]
1872[20]
1873[15]
1874[16]
1875[17]
1876[13]
1877[14]
1878[15]
1879[12]
1880[13]
1881[10]
1882[14]
1883[13]
1884[14]
1885[12]
1886[11]
1887[14]
1888[15]
1889[16]
1890[13]
1891[12]
1892[9]
1893[17]
1894[16]
1895[17]
1896[15]
1897[17]
1898[16]
1899[18]
1900[19]
1901[17]
1902[18]
1903[19]
1904[14]
1905[15]
1906[13]
1907[17]
1908[18]
1909[16]
1910[15]
1911[18]
1912[17]
1913[16]
1914[14]
1915[15]
1916[19]
1917[18]
1918[21]
1919[20]
1920[19]
1921[20]
1922[21]
1923[17]
1924[19]
1925[18]
1926[19]
1927[20]
1928[16]
1929[19]
1930[18]
1931[17]
1932[12]
1933[17]
1934[18]
1935[16]
1936[15]
1937[16]
1938[14]
1939[17]
1940[18]
1941[16]
1942[15]
1943[16]
1944[13]
1945[15]
1946[14]
1947[17]
1948[16]
1949[15]
1950[11]
1951[14]
1952[17]
1953[18]
1954[16]
1955[18]
1956[19]
1957[21]
1958[20]
1959[17]
1960[20]
1961[19]
1962[23]
1963[24]
1964[22]
1965[21]
1966[20]
1967[21]
1968[18]
1969[23]
1970[22]
1971[21]
1972[22]
1973[23]
1974[20]
1975[21]
1976[22]
1977[23]
1978[19]
1979[15]
1980[16]
1981[13]
1982[17]
1983[16]
1984[17]
1985[15]
1986[16]
1987[14]
1988[15]
1989[12]
1990[19]
1991[20]
1992[18]
1993[17]
1994[18]
1995[20]
1996[19]
1997[16]
1998[17]
1999[18]
2000[15]
2001[14]
2002[16]
2003[15]
2004[13]
2005[14]
2006[10]
2007[15]
2008[16]
2009[14]
2010[18]
2011[19]
2012[17]
2013[18]
2014[16]
2015[17]
2016[19]
2017[18]
2018[15]
2019[17]
2020[16]
2021[17]
2022[13]
2023[16]
2024[15]
2025[17]
2026[16]
2027[14]
2028[16]
2029[15]
2030[18]
2031[20]
2032[19]
2033[17]
2034[16]
2035[17]
2036[12]
2037[15]
2038[17]
2039[16]
2040[14]
2041[15]
2042[13]
2043[17]
2044[18]
2045[16]
2046[17]
2047[15]
2048[16]
2049[17]
2050[18]
2051[14]
2052[15]
2053[11]
2054[12]
2055[14]
2056[13]
2057[8]
2058[11]
2059[10]
2060[11]
2061[13]
2062[12]
2063[9]
2064[14]
2065[15]
2066[13]
2067[12]
2068[13]
2069[14]
2070[11]
2071[16]
2072[19]
2073[20]
2074[18]
2075[17]
2076[15]
2077[16]
2078[17]
2079[19]
2080[18]
2081[19]
2082[14]
2083[13]
2084[16]
2085[15]
2086[16]
2087[14]
2088[17]
2089[16]
2090[19]
2091[18]
2092[17]
2093[15]
2094[16]
2095[12]
2096[16]
2097[15]
2098[16]
2099[14]
2100[15]
2101[13]
2102[16]
2103[15]
2104[14]
2105[15]
2106[10]
2107[12]
2108[11]
2109[12]
2110[14]
2111[15]
2112[16]
2113[13]
2114[6]
2115[11]
2116[10]
2117[17]
2118[16]
2119[15]
2120[16]
2121[14]
2122[15]
2123[13]
2124[16]
2125[15]
2126[14]
2127[12]
2128[11]
2129[15]
2130[14]
2131[13]
2132[12]
2133[13]
2134[14]
2135[9]
2136[15]
2137[14]
2138[15]
2139[13]
2140[15]
2141[14]
2142[15]
2143[18]
2144[17]
2145[16]
2146[21]
2147[20]
2148[21]
2149[19]
2150[18]
2151[17]
2152[18]
2153[12]
2154[16]
2155[17]
2156[18]
2157[15]
2158[17]
2159[16]
2160[18]
2161[17]
2162[14]
2163[15]
2164[17]
2165[18]
2166[19]
2167[16]
2168[17]
2169[19]
2170[18]
2171[13]
2172[15]
2173[14]
2174[11]
2175[12]
2176[14]
2177[19]
2178[18]
2179[17]
2180[18]
2181[16]
2182[17]
2183[18]
2184[15]
2185[17]
2186[19]
2187[18]
2188[22]
2189[21]
2190[22]
2191[20]
2192[21]
2193[19]
2194[16]
2195[17]
2196[18]
2197[20]
2198[19]
2199[13]
2200[14]
2201[10]
2202[13]
2203[12]
2204[11]
2205[8]
2206[13]
2207[14]
2208[12]
2209[15]
2210[16]
2211[14]
2212[16]
2213[15]
2214[17]
2215[18]
2216[16]
2217[18]
2218[19]
2219[17]
2220[20]
2221[19]
2222[18]
2223[13]
2224[15]
2225[14]
2226[11]
2227[10]
2228[13]
2229[12]
2230[15]
2231[14]
2232[15]
2233[16]
2234[13]
2235[16]
2236[15]
2237[14]
2238[16]
2239[15]
2240[18]
2241[17]
2242[20]
2243[19]
2244[20]
2245[18]
2246[21]
2247[20]
2248[21]
2249[19]
2250[16]
2251[17]
2252[11]
2253[15]
2254[14]
2255[13]
2256[18]
2257[17]
2258[16]
2259[15]
2260[14]
2261[16]
2262[15]
2263[12]
2264[13]
2265[9]
2266[14]
2267[13]
2268[12]
2269[11]
2270[12]
2271[10]
2272[13]
2273[14]
2274[16]
2275[15]
2276[12]
2277[13]
2278[15]
2279[16]
2280[17]
2281[14]
2282[16]
2283[15]
2284[16]
2285[11]
2286[17]
2287[16]
2288[17]
2289[15]
2290[17]
2291[16]
2292[14]
2293[15]
2294[17]
2295[16]
2296[17]
2297[13]
2298[14]
2299[15]
2300[12]
2301[16]
2302[17]
2303[15]
2304[17]
2305[18]
2306[20]
2307[19]
2308[16]
2309[14]
2310[16]
2311[15]
2312[17]
2313[16]
2314[18]
2315[17]
2316[13]
2317[20]
2318[19]
2319[18]
2320[17]
2321[18]
2322[16]
2323[15]
2324[14]
2325[7]
2326[11]
2327[10]
2328[9]
2329[13]
2330[12]
2331[11]
2332[10]
2333[11]
2334[12]
2335[8]
2336[11]
2337[12]
2338[10]
2339[11]
2340[12]
2341[9]
2342[12]
2343[13]
2344[16]
2345[15]
2346[14]
2347[11]
2348[13]
2349[12]
2350[10]
2351[13]
2352[12]
2353[13]
2354[11]
2355[15]
2356[16]
2357[17]
2358[14]
2359[15]
2360[17]
2361[20]
2362[19]
2363[18]
2364[16]
2365[13]
2366[12]
2367[4]
2368[15]
2369[14]
2370[13]
2371[12]
2372[11]
2373[12]
2374[10]
2375[13]
2376[12]
2377[11]
2378[9]
2379[13]
2380[12]
2381[11]
2382[14]
2383[13]
2384[12]
2385[10]
2386[13]
2387[14]
2388[12]
2389[15]
2390[16]
2391[14]
2392[13]
2393[14]
2394[11]
2395[13]
2396[14]
2397[15]
2398[12]
2399[13]
2400[8]
2401[11]
2402[12]
2403[10]
2404[11]
2405[9]
2406[12]
2407[11]
2408[12]
2409[14]
2410[15]
2411[13]
2412[10]
2413[11]
2414[12]
2415[7]
2416[14]
2417[15]
2418[13]
2419[14]
2420[12]
2421[15]
2422[14]
2423[15]
2424[13]
2425[14]
2426[11]
2427[13]
2428[14]
2429[12]
2430[15]
2431[14]
2432[15]
2433[13]
2434[16]
2435[18]
2436[17]
2437[15]
2438[14]
2439[15]
2440[10]
2441[13]
2442[12]
2443[14]
2444[13]
2445[11]
2446[13]
2447[12]
2448[13]
2449[14]
2450[16]
2451[15]
2452[9]
2453[13]
2454[12]
2455[13]
2456[14]
2457[11]
2458[10]
2459[11]
2460[8]
2461[10]
2462[11]
2463[14]
2464[15]
2465[13]
2466[12]
2467[9]
2468[11]
2469[15]
2470[14]
2471[15]
2472[13]
2473[12]
2474[14]
2475[13]
2476[17]
2477[16]
2478[15]
2479[14]
2480[18]
2481[17]
2482[16]
2483[18]
2484[17]
2485[15]
2486[16]
2487[10]
2488[12]
2489[17]
2490[16]
2491[17]
2492[19]
2493[18]
2494[15]
2495[20]
2496[19]
2497[18]
2498[19]
2499[17]
2500[18]
2501[21]
2502[22]
2503[20]
2504[21]
2505[19]
2506[20]
2507[22]
2508[21]
2509[16]
2510[17]
2511[14]
2512[15]
2513[17]
2514[16]
2515[13]
2516[14]
2517[16]
2518[17]
2519[15]
2520[17]
2521[16]
2522[11]
2523[13]
2524[12]
2525[13]
2526[6]
2527[10]
2528[14]
2529[13]
2530[12]
2531[13]
2532[11]
2533[14]
2534[13]
2535[14]
2536[12]
2537[13]
2538[16]
2539[15]
2540[16]
2541[14]
2542[16]
2543[18]
2544[19]
2545[17]
2546[15]
2547[9]
2548[13]
2549[14]
2550[12]
2551[11]
2552[13]
2553[12]
2554[10]
2555[12]
2556[11]
2557[8]
2558[13]
2559[12]
2560[15]
2561[14]
2562[13]
2563[14]
2564[11]
2565[13]
2566[12]
2567[10]
2568[15]
2569[16]
2570[17]
2571[18]
2572[14]
2573[16]
2574[17]
2575[15]
2576[13]
2577[12]
2578[13]
2579[17]
2580[18]
2581[16]
2582[17]
2583[15]
2584[14]
2585[15]
2586[11]
2587[17]
2588[16]
2589[17]
2590[15]
2591[20]
2592[19]
2593[18]
2594[20]
2595[19]
2596[17]
2597[18]
2598[20]
2599[21]
2600[22]
2601[19]
2602[20]
2603[21]
2604[16]
2605[17]
2606[14]
2607[16]
2608[17]
2609[15]
2610[13]
2611[14]
2612[16]
2613[15]
2614[12]
2615[19]
2616[18]
2617[19]
2618[17]
2619[19]
2620[18]
2621[22]
2622[21]
2623[22]
2624[23]
2625[20]
2626[19]
2627[20]
2628[16]
2629[18]
2630[17]
2631[15]
2632[18]
2633[19]
2634[17]
2635[16]
2636[17]
2637[18]
2638[14]
2639[15]
2640[19]
2641[18]
2642[17]
2643[16]
2644[17]
2645[19]
2646[18]
2647[13]
2648[15]
2649[14]
2650[16]
2651[15]
2652[16]
2653[9]
2654[13]
2655[12]
2656[11]
2657[10]
2658[11]
2659[7]
2660[10]
2661[9]
2662[8]
2663[10]
2664[12]
2665[11]
2666[9]
2667[14]
2668[13]
2669[14]
2670[12]
2671[13]
2672[14]
2673[17]
2674[16]
2675[15]
2676[11]
2677[10]
2678[13]
2679[14]
2680[15]
2681[12]
2682[13]
2683[15]
2684[14]
2685[11]
2686[12]
2687[5]
2688[14]
2689[16]
2690[17]
2691[15]
2692[17]
2693[16]
2694[17]
2695[13]
2696[12]
2697[15]
2698[17]
2699[16]
2700[17]
2701[14]
2702[15]
2703[13]
2704[14]
2705[11]
2706[15]
2707[16]
2708[14]
2709[13]
2710[12]
2711[14]
2712[13]
2713[15]
2714[14]
2715[10]
2716[14]
2717[15]
2718[19]
2719[18]
2720[17]
2721[21]
2722[22]
2723[23]
2724[20]
2725[19]
2726[18]
2727[20]
2728[19]
2729[16]
2730[13]
2731[15]
2732[14]
2733[15]
2734[17]
2735[16]
2736[12]
2737[18]
2738[17]
2739[16]
2740[15]
2741[17]
2742[19]
2743[18]
2744[19]
2745[16]
2746[18]
2747[17]
2748[18]
2749[14]
2750[15]
2751[17]
2752[16]
2753[17]
2754[18]
2755[13]
2756[15]
2757[17]
2758[19]
2759[18]
2760[16]
2761[17]
2762[14]
2763[16]
2764[20]
2765[19]
2766[21]
2767[20]
2768[18]
2769[19]
2770[21]
2771[20]
2772[21]
2773[17]
2774[19]
2775[20]
2776[21]
2777[18]
2778[15]
2779[17]
2780[20]
2781[19]
2782[20]
2783[18]
2784[16]
2785[18]
2786[17]
2787[11]
2788[13]
2789[14]
2790[12]
2791[9]
2792[13]
2793[14]
2794[12]
2795[14]
2796[16]
2797[18]
2798[19]
2799[17]
2800[18]
2801[19]
2802[15]
2803[17]
2804[16]
2805[18]
2806[17]
2807[13]
2808[11]
2809[14]
2810[13]
2811[12]
2812[14]
2813[15]
2814[16]
2815[13]
2816[16]
2817[15]
2818[18]
2819[17]
2820[16]
2821[17]
2822[20]
2823[19]
2824[18]
2825[14]
2826[10]
2827[11]
2828[8]
2829[9]
2830[7]
2831[13]
2832[15]
2833[14]
2834[12]
2835[14]
2836[13]
2837[14]
2838[11]
2839[12]
2840[10]
2841[17]
2842[16]
2843[15]
2844[14]
2845[13]
2846[14]
2847[15]
2848[16]
2849[12]
2850[14]
2851[13]
2852[14]
2853[11]
2854[14]
2855[15]
2856[16]
2857[13]
2858[12]
2859[14]
2860[13]
2861[9]
2862[13]
2863[12]
2864[11]
2865[14]
2866[15]
2867[16]
2868[13]
2869[14]
2870[15]
2871[12]
2872[10]
2873[12]
2874[13]
2875[11]
2876[8]
2877[11]
2878[16]
2879[15]
2880[16]
2881[14]
2882[13]
2883[16]
2884[15]
2885[14]
2886[15]
2887[12]
2888[14]
2889[13]
2890[14]
2891[15]
2892[10]
2893[12]
2894[11]
2895[13]
2896[14]
2897[12]
2898[9]
2899[10]
2900[14]
2901[15]
2902[13]
2903[12]
2904[13]
2905[11]
2906[6]
2907[7]
2908[1]
2909[6]
2910[8]
2911[9]
2912[7]
2913[8]
2914[5]
2915[11]
2916[14]
2917[13]
2918[15]
2919[16]
2920[14]
2921[16]
2922[17]
2923[15]
2924[12]
2925[10]
2926[11]
2927[12]
2928[13]
2929[9]
2930[8]
2931[11]
2932[13]
2933[12]
2934[10]
2935[11]
2936[16]
2937[15]
2938[14]
2939[13]
2940[12]
2941[13]
2942[9]
2943[14]
2944[13]
2945[14]
2946[16]
2947[15]
2948[18]
2949[17]
2950[16]
2951[12]
2952[14]
2953[13]
2954[11]
2955[13]
2956[14]
2957[15]
2958[18]
2959[17]
2960[16]
2961[12]
2962[13]
2963[10]
2964[13]
2965[12]
2966[15]
2967[14]
2968[15]
2969[13]
2970[16]
2971[15]
2972[14]
2973[15]
2974[16]
2975[11]
2976[17]
2977[18]
2978[16]
2979[15]
2980[16]
2981[19]
2982[18]
2983[17]
2984[14]
2985[18]
2986[17]
2987[16]
2988[15]
2989[13]
2990[14]
2991[16]
2992[15]
2993[12]
2994[14]
2995[13]
2996[16]
2997[15]
2998[16]
2999[14]
3000[7]
3001[8]
3002[10]
3003[9]
3004[10]
3005[11]
3006[6]
3007[9]
3008[8]
3009[10]
3010[11]
3011[9]
3012[10]
3013[7]
3014[12]
3015[13]
3016[11]
3017[14]
3018[15]
3019[13]
3020[12]
3021[15]
3022[14]
3023[15]
3024[13]
3025[10]
3026[13]
3027[12]
3028[11]
3029[9]
3030[12]
3031[14]
3032[13]
3033[14]
3034[11]
3035[10]
3036[11]
3037[8]
3038[10]
3039[9]
3040[4]
3041[11]
3042[10]
3043[12]
3044[11]
3045[9]
3046[12]
3047[11]
3048[10]
3049[13]
3050[12]
3051[11]
3052[8]
3053[9]
3054[11]
3055[14]
3056[13]
3057[14]
3058[12]
3059[14]
3060[13]
3061[10]
3062[12]
3063[11]
3064[12]
3065[16]
3066[15]
3067[18]
3068[17]
3069[16]
3070[14]
3071[15]
3072[13]
3073[14]
3074[15]
3075[7]
3076[11]
3077[12]
3078[10]
3079[16]
3080[17]
3081[15]
3082[16]
3083[14]
3084[15]
3085[18]
3086[17]
3087[16]
3088[13]
3089[15]
3090[14]
3091[12]
3092[13]
3093[14]
3094[11]
3095[9]
3096[10]
3097[8]
3098[10]
3099[12]
3100[14]
3101[16]
3102[15]
3103[17]
3104[16]
3105[17]
3106[13]
3107[11]
3108[13]
3109[12]
3110[9]
3111[12]
3112[11]
3113[12]
3114[10]
3115[14]
3116[13]
3117[12]
3118[13]
3119[11]
3120[14]
3121[13]
3122[14]
3123[15]
3124[12]
3125[14]
3126[13]
3127[15]
3128[14]
3129[6]
3130[13]
3131[12]
3132[11]
3133[12]
3134[14]
3135[13]
3136[15]
3137[14]
3138[10]
3139[13]
3140[12]
3141[11]
3142[9]
3143[10]
3144[11]
3145[14]
3146[13]
3147[16]
3148[17]
3149[15]
3150[16]
3151[14]
3152[16]
3153[15]
3154[12]
3155[8]
3156[13]
3157[12]
3158[13]
3159[11]
3160[10]
3161[11]
3162[9]
3163[15]
3164[14]
3165[15]
3166[16]
3167[13]
3168[14]
3169[15]
3170[12]
3171[13]
3172[11]
3173[14]
3174[13]
3175[14]
3176[12]
3177[14]
3178[13]
3179[14]
3180[10]
3181[12]
3182[16]
3183[15]
3184[14]
3185[15]
3186[16]
3187[13]
3188[11]
3189[7]
3190[11]
3191[12]
3192[10]
3193[9]
3194[12]
3195[14]
3196[13]
3197[11]
3198[13]
3199[12]
3200[10]
3201[14]
3202[13]
3203[20]
3204[19]
3205[18]
3206[19]
3207[20]
3208[17]
3209[16]
3210[15]
3211[17]
3212[19]
3213[18]
3214[21]
3215[20]
3216[19]
3217[20]
3218[16]
3219[17]
3220[19]
3221[18]
3222[21]
3223[20]
3224[23]
3225[22]
3226[23]
3227[21]
3228[22]
3229[19]
3230[20]
3231[14]
3232[19]
3233[18]
3234[17]
3235[16]
3236[17]
3237[15]
3238[16]
3239[12]
3240[16]
3241[17]
3242[18]
3243[15]
3244[17]
3245[16]
3246[17]
3247[14]
3248[16]
3249[15]
3250[13]
3251[17]
3252[18]
3253[16]
3254[17]
3255[19]
3256[18]
3257[19]
3258[15]
3259[14]
3260[17]
3261[16]
3262[20]
3263[19]
3264[18]
3265[21]
3266[20]
3267[19]
3268[20]
3269[22]
3270[23]
3271[21]
3272[17]
3273[18]
3274[15]
3275[17]
3276[16]
3277[20]
3278[19]
3279[20]
3280[18]
3281[17]
3282[11]
3283[15]
3284[14]
3285[17]
3286[16]
3287[17]
3288[18]
3289[15]
3290[13]
3291[12]
3292[15]
3293[14]
3294[16]
3295[15]
3296[17]
3297[19]
3298[18]
3299[16]
3300[17]
3301[13]
3302[8]
3303[11]
3304[15]
3305[14]
3306[15]
3307[13]
3308[16]
3309[15]
3310[17]
3311[16]
3312[14]
3313[16]
3314[15]
3315[16]
3316[12]
3317[15]
3318[16]
3319[14]
3320[13]
3321[10]
3322[13]
3323[15]
3324[14]
3325[15]
3326[12]
3327[14]
3328[13]
3329[11]
3330[16]
3331[17]
3332[15]
3333[17]
3334[16]
3335[14]
3336[15]
3337[13]
3338[16]
3339[15]
3340[14]
3341[12]
3342[15]
3343[14]
3344[15]
3345[13]
3346[16]
3347[15]
3348[16]
3349[14]
3350[16]
3351[15]
3352[9]
3353[12]
3354[11]
3355[16]
3356[15]
3357[14]
3358[16]
3359[15]
3360[13]
3361[15]
3362[14]
3363[12]
3364[16]
3365[15]
3366[16]
3367[14]
3368[16]
3369[15]
3370[16]
3371[18]
3372[17]
3373[13]
3374[17]
3375[16]
3376[15]
3377[14]
3378[15]
3379[16]
3380[10]
3381[15]
3382[14]
3383[13]
3384[12]
3385[13]
3386[15]
3387[14]
3388[11]
3389[13]
3390[12]
3391[13]
3392[5]
3393[3]
3394[8]
3395[10]
3396[12]
3397[11]
3398[13]
3399[12]
3400[9]
3401[11]
3402[12]
3403[13]
3404[10]
3405[7]
3406[9]
3407[12]
3408[11]
3409[10]
3410[8]
3411[10]
3412[11]
3413[9]
3414[10]
3415[6]
3416[7]
3417[10]
3418[12]
3419[11]
3420[9]
3421[10]
3422[11]
3423[8]
3424[10]
3425[11]
3426[9]
3427[11]
3428[10]
3429[5]
3430[11]
3431[10]
3432[11]
3433[12]
3434[14]
3435[13]
3436[14]
3437[9]
3438[11]
3439[16]
3440[17]
3441[15]
3442[14]
3443[15]
3444[13]
3445[12]
3446[13]
3447[15]
3448[16]
3449[14]
3450[10]
3451[12]
3452[13]
3453[14]
3454[11]
3455[15]
3456[18]
3457[17]
3458[16]
3459[14]
3460[13]
3461[14]
3462[12]
3463[8]
3464[14]
3465[15]
3466[16]
3467[13]
3468[15]
3469[17]
3470[16]
3471[17]
3472[18]
3473[14]
3474[12]
3475[13]
3476[11]
3477[17]
3478[16]
3479[15]
3480[16]
3481[14]
3482[13]
3483[15]
3484[17]
3485[16]
3486[14]
3487[12]
3488[10]
3489[14]
3490[13]
3491[12]
3492[13]
3493[11]
3494[9]
3495[13]
3496[12]
3497[16]
3498[15]
3499[14]
3500[13]
3501[11]
3502[13]
3503[12]
3504[13]
3505[10]
3506[15]
3507[16]
3508[17]
3509[14]
3510[13]
3511[18]
3512[17]
3513[16]
3514[15]
3515[16]
3516[18]
3517[19]
3518[20]
3519[17]
3520[18]
3521[14]
3522[12]
3523[16]
3524[17]
3525[15]
3526[14]
3527[16]
3528[15]
3529[16]
3530[13]
3531[15]
3532[16]
3533[18]
3534[17]
3535[14]
3536[16]
3537[15]
3538[11]
3539[16]
3540[15]
3541[16]
3542[14]
3543[13]
3544[12]
3545[13]
3546[7]
3547[9]
3548[10]
3549[11]
3550[8]
3551[11]
3552[12]
3553[10]
3554[11]
3555[9]
3556[6]
3557[7]
3558[4]
3559[8]
3560[7]
3561[8]
3562[10]
3563[9]
3564[6]
3565[7]
3566[5]
3567[9]
3568[8]
3569[10]
3570[9]
3571[7]
3572[12]
3573[11]
3574[10]
3575[12]
3576[14]
3577[15]
3578[16]
3579[13]
3580[11]
3581[12]
3582[14]
3583[15]
3584[13]
3585[9]
3586[8]
3587[10]
3588[9]
3589[11]
3590[12]
3591[10]
3592[11]
3593[6]
3594[12]
3595[13]
3596[11]
3597[12]
3598[13]
3599[14]
3600[10]
3601[11]
3602[13]
3603[12]
3604[13]
3605[9]
3606[11]
3607[13]
3608[12]
3609[14]
3610[13]
3611[10]
3612[11]
3613[14]
3614[13]
3615[12]
3616[8]
3617[11]
3618[10]
3619[12]
3620[11]
3621[9]
3622[7]
3623[8]
3624[2]
3625[10]
3626[9]
3627[10]
3628[11]
3629[8]
3630[10]
3631[11]
3632[9]
3633[11]
3634[10]
3635[12]
3636[11]
3637[13]
3638[12]
3639[13]
3640[7]
3641[8]
3642[9]
3643[12]
3644[13]
3645[11]
3646[10]
3647[11]
3648[6]
3649[10]
3650[9]
3651[10]
3652[12]
3653[11]
3654[8]
3655[7]
3656[11]
3657[10]
3658[9]
3659[10]
3660[8]
3661[9]
3662[11]
3663[10]
3664[5]
3665[10]
3666[9]
3667[8]
3668[12]
3669[13]
3670[14]
3671[15]
3672[11]
3673[13]
3674[12]
3675[17]
3676[16]
3677[15]
3678[14]
3679[13]
3680[16]
3681[15]
3682[17]
3683[16]
3684[14]
3685[10]
3686[9]
3687[11]
3688[12]
3689[14]
3690[13]
3691[10]
3692[11]
3693[13]
3694[12]
3695[13]
3696[7]
3697[10]
3698[9]
3699[8]
3700[11]
3701[10]
3702[9]
3703[11]
3704[12]
3705[10]
3706[12]
3707[11]
3708[6]
3709[13]
3710[12]
3711[11]
3712[10]
3713[11]
3714[12]
3715[13]
3716[14]
3717[9]
3718[8]
3719[7]
3720[11]
3721[10]
3722[12]
3723[11]
3724[9]
3725[11]
3726[13]
3727[12]
3728[13]
3729[10]
3730[11]
3731[8]
3732[12]
3733[11]
3734[10]
3735[9]
3736[11]
3737[12]
3738[10]
3739[11]
3740[12]
3741[4]
3742[9]
3743[8]
3744[10]
3745[9]
3746[12]
3747[11]
3748[12]
3749[13]
3750[14]
3751[10]
3752[12]
3753[11]
3754[7]
3755[13]
3756[15]
3757[14]
3758[15]
3759[16]
3760[12]
3761[13]
3762[14]
3763[15]
3764[17]
3765[16]
3766[17]
3767[11]
3768[14]
3769[13]
3770[12]
3771[14]
3772[17]
3773[16]
3774[15]
3775[13]
3776[14]
3777[16]
3778[15]
3779[16]
3780[10]
3781[15]
3782[16]
3783[17]
3784[18]
3785[19]
3786[14]
3787[13]
3788[12]
3789[17]
3790[19]
3791[18]
3792[16]
3793[17]
3794[15]
3795[16]
3796[17]
3797[14]
3798[15]
3799[16]
3800[13]
3801[14]
3802[15]
3803[11]
3804[12]
3805[15]
3806[14]
3807[13]
3808[15]
3809[14]
3810[15]
3811[9]
3812[10]
3813[11]
3814[14]
3815[13]
3816[14]
3817[15]
3818[12]
3819[13]
3820[8]
3821[11]
3822[12]
3823[10]
3824[9]
3825[10]
3826[11]
3827[6]
3828[7]
3829[8]
3830[11]
3831[10]
3832[9]
3833[5]
3834[13]
3835[14]
3836[12]
3837[11]
3838[13]
3839[12]
3840[13]
3841[10]
3842[11]
3843[9]
3844[8]
3845[7]
3846[9]
3847[13]
3848[12]
3849[11]
3850[12]
3851[13]
3852[10]
3853[8]
3854[12]
3855[14]
3856[13]
3857[11]
3858[12]
3859[10]
3860[15]
3861[16]
3862[14]
3863[15]
3864[13]
3865[15]
3866[14]
3867[12]
3868[14]
3869[13]
3870[16]
3871[17]
3872[15]
3873[14]
3874[15]
3875[11]
3876[15]
3877[16]
3878[14]
3879[15]
3880[13]
3881[14]
3882[12]
3883[14]
3884[19]
3885[18]
3886[17]
3887[16]
3888[18]
3889[17]
3890[18]
3891[15]
3892[16]
3893[18]
3894[19]
3895[17]
3896[18]
3897[13]
3898[9]
3899[11]
3900[10]
3901[6]
3902[10]
3903[11]
3904[9]
3905[8]
3906[10]
3907[9]
3908[7]
3909[14]
3910[13]
3911[12]
3912[11]
3913[12]
3914[10]
3915[11]
3916[12]
3917[9]
3918[12]
3919[11]
3920[13]
3921[14]
3922[12]
3923[13]
3924[10]
3925[12]
3926[11]
3927[12]
3928[13]
3929[14]
3930[8]
3931[11]
3932[13]
3933[12]
3934[13]
3935[10]
3936[9]
3937[3]
3938[9]
3939[10]
3940[8]
3941[7]
3942[14]
3943[15]
3944[13]
3945[14]
3946[12]
3947[13]
3948[11]
3949[10]
3950[13]
3951[12]
3952[13]
3953[11]
3954[12]
3955[13]
3956[9]
3957[10]
3958[12]
3959[11]
3960[8]
3961[10]
3962[9]
3963[6]
3964[8]
3965[12]
3966[11]
3967[13]
3968[12]
3969[13]
3970[14]
3971[15]
3972[10]
3973[11]
3974[9]
3975[11]
3976[13]
3977[12]
3978[10]
3979[12]
3980[11]
3981[7]
3982[8]
3983[9]
3984[12]
3985[14]
3986[16]
3987[15]
3988[13]
3989[11]
3990[12]
3991[10]
3992[12]
3993[11]
3994[14]
3995[13]
3996[12]
3997[5]
3998[9]
3999[10]
4000[12]
4001[11]
4002[8]
4003[10]
4004[9]
4005[10]
4006[7]
4007[8]
4008[10]
4009[9]
4010[13]
4011[12]
4012[11]
4013[12]
4014[10]
4015[11]
4016[6]
4017[8]
4018[7]
4019[10]
4020[12]
4021[11]
4022[9]
4023[8]
4024[11]
4025[12]
4026[13]
4027[10]
4028[11]
4029[9]
4030[11]
4031[10]
4032[11]
4033[12]
4034[4]
4035[9]
4036[10]
4037[13]
4038[12]
4039[13]
4040[11]
4041[8]
4042[10]
4043[9]
4044[10]
4045[13]
4046[14]
4047[12]
4048[11]
4049[15]
4050[16]
4051[14]
4052[13]
4053[12]
4054[7]
4055[8]
4056[10]
4057[9]
4058[6]
4059[7]
4060[11]
4061[10]
4062[12]
4063[11]
4064[13]
4065[12]
4066[13]
4067[9]
4068[8]
4069[9]
4070[10]
4071[5]
4072[9]
4073[8]
4074[7]
4075[9]
4076[8]
4077[9]
4078[6]
4079[9]
4080[10]
4081[12]
4082[11]
4083[8]
4084[7]
4085[10]
4086[11]
4087[12]
4088[9]
4089[10]
4090[11]
4091[8]
4092[9]
4093[10]
4094[12]
4095[11]
1[11]
2[10]
3[11]
4[13]
5[12]
6[13]
7[9]
8[8]
9[11]
10[10]
11[13]
12[15]
13[17]
14[16]
15[14]
16[15]
17[12]
18[11]
19[9]
20[12]
21[11]
22[12]
23[10]
24[12]
25[11]
26[12]
27[13]
28[7]
29[8]
30[9]
31[6]
32[9]
33[10]
34[8]
35[11]
36[10]
37[9]
38[10]
39[7]
40[5]
41[11]
42[10]
43[11]
44[9]
45[8]
46[9]
47[10]
48[7]
49[8]
50[6]
51[10]
52[9]
53[12]
54[11]
55[13]
56[12]
57[15]
58[14]
59[16]
60[15]
61[13]
62[15]
63[16]
64[14]
65[15]
66[17]
67[16]
68[17]
69[10]
70[8]
71[10]
72[9]
73[10]
74[7]
75[9]
76[8]
77[4]
78[8]
79[7]
80[8]
81[10]
82[11]
83[13]
84[14]
85[12]
86[9]
87[10]
88[12]
89[13]
90[11]
91[12]
92[6]
93[5]
94[9]
95[10]
96[8]
97[9]
98[10]
99[7]
100[10]
101[12]
102[11]
103[9]
104[14]
105[13]
106[12]
107[16]
108[18]
109[17]
110[18]
111[15]
112[14]
113[15]
114[13]
115[11]
116[12]
117[13]
118[10]
119[12]
120[11]
121[8]
122[11]
123[10]
124[15]
125[16]
126[14]
127[13]
128[12]
129[15]
130[14]
131[13]
132[15]
133[14]
134[15]
135[16]
136[11]
137[14]
138[13]
139[12]
140[14]
141[15]
142[16]
143[13]
144[15]
145[16]
146[14]
147[15]
148[9]
149[11]
150[12]
151[10]
152[13]
153[12]
154[11]
155[14]
156[13]
157[12]
158[6]
159[12]
160[11]
161[12]
162[10]
163[9]
164[10]
165[11]
166[14]
167[13]
168[12]
169[14]
170[15]
171[13]
172[14]
173[8]
174[10]
175[9]
176[12]
177[11]
178[14]
179[13]
180[12]
181[10]
182[12]
183[11]
184[12]
185[7]
186[3]
187[7]
188[6]
189[11]
190[10]
191[11]
192[9]
193[10]
194[8]
195[9]
196[7]
197[8]
198[9]
199[5]
200[9]
201[8]
202[9]
203[7]
204[9]
205[8]
206[6]
207[9]
208[10]
209[8]
210[9]
211[10]
212[12]
213[14]
214[13]
215[11]
216[7]
217[10]
218[11]
219[9]
220[8]
221[4]
222[12]
223[11]
224[10]
225[11]
226[12]
227[9]
228[11]
229[12]
230[10]
231[12]
232[11]
233[13]
234[12]
235[13]
236[8]
237[10]
238[11]
239[12]
240[14]
241[15]
242[13]
243[9]
244[10]
245[7]
246[11]
247[14]
248[13]
249[14]
250[12]
251[13]
252[10]
253[12]
254[13]
255[11]
256[13]
257[12]
258[9]
259[13]
260[12]
261[11]
262[12]
263[10]
264[11]
265[8]
266[12]
267[11]
268[10]
269[9]
270[6]
271[12]
272[13]
273[11]
274[10]
275[11]
276[9]
277[11]
278[13]
279[12]
280[13]
281[18]
282[17]
283[19]
284[18]
285[19]
286[16]
287[15]
288[16]
289[17]
290[14]
291[15]
292[10]
293[14]
294[13]
295[14]
296[16]
297[15]
298[12]
299[15]
300[14]
301[13]
302[14]
303[11]
304[15]
305[14]
306[15]
307[16]
308[13]
309[12]
310[8]
311[13]
312[12]
313[11]
314[10]
315[12]
316[14]
317[16]
318[15]
319[13]
320[16]
321[15]
322[14]
323[15]
324[11]
325[9]
326[7]
327[10]
328[9]
329[12]
330[11]
331[12]
332[10]
333[11]
334[8]
335[10]
336[9]
337[10]
338[5]
339[7]
340[6]
341[8]
342[9]
343[7]
344[8]
345[2]
346[7]
347[8]
348[6]
349[5]
350[8]
351[7]
352[6]
353[7]
354[8]
355[9]
356[4]
357[8]
358[7]
359[10]
360[9]
361[12]
362[11]
363[10]
364[11]
365[12]
366[8]
367[6]
368[7]
369[9]
370[10]
371[8]
372[5]
373[10]
374[9]
375[10]
376[8]
377[14]
378[13]
379[15]
380[14]
381[12]
382[14]
383[13]
384[14]
385[15]
386[16]
387[11]
388[14]
389[13]
390[12]
391[14]
392[13]
393[15]
394[14]
395[15]
396[10]
397[12]
398[11]
399[9]
400[12]
401[11]
402[13]
403[12]
404[13]
405[10]
406[12]
407[11]
408[7]
409[8]
410[10]
411[11]
412[9]
413[10]
414[11]
415[12]
416[6]
417[10]
418[9]
419[8]
420[7]
421[11]
422[10]
423[9]
424[10]
425[8]
426[10]
427[11]
428[9]
429[3]
430[7]
431[6]
432[5]
433[4]
434[8]
435[9]
436[10]
437[7]
438[12]
439[11]
440[10]
441[9]
442[8]
443[11]
444[13]
445[16]
446[18]
447[17]
448[15]
449[16]
450[14]
451[12]
452[13]
453[10]
454[11]
455[9]
456[6]
457[8]
458[12]
459[11]
460[13]
461[12]
462[13]
463[10]
464[13]
465[14]
466[12]
467[13]
468[11]
469[12]
470[14]
471[16]
472[15]
473[13]
474[9]
475[12]
476[11]
477[10]
478[7]
479[12]
480[13]
481[11]
482[10]
483[11]
484[9]
485[12]
486[11]
487[12]
488[10]
489[13]
490[14]
491[15]
492[12]
493[13]
494[11]
495[13]
496[12]
497[13]
498[14]
499[8]
500[10]
501[9]
502[10]
503[12]
504[11]
505[5]
506[7]
507[6]
508[7]
509[1]
510[12]
511[15]
512[14]
513[13]
514[11]
515[12]
516[10]
517[11]
518[9]
519[13]
520[12]
521[11]
522[14]
523[17]
524[16]
525[15]
526[13]
527[14]
528[12]
529[13]
530[14]
531[10]
532[12]
533[11]
534[16]
535[15]
536[16]
537[14]
538[13]
539[14]
540[12]
541[8]
542[11]
543[10]
544[14]
545[13]
546[12]
547[15]
548[14]
549[13]
550[14]
551[11]
552[13]
553[12]
554[13]
555[15]
556[14]
557[9]
558[11]
559[10]
560[12]
561[11]
562[12]
563[13]
564[7]
565[10]
566[9]
567[10]
568[11]
569[8]
570[13]
571[12]
572[14]
573[16]
574[15]
575[13]
576[14]
577[11]
578[13]
579[12]
580[14]
581[13]
582[14]
583[10]
584[12]
585[11]
586[9]
587[10]
588[12]
589[13]
590[11]
591[13]
592[12]
593[6]
594[12]
595[11]
596[10]
597[11]
598[12]
599[9]
600[13]
601[12]
602[13]
603[11]
604[10]
605[14]
606[13]
607[14]
608[12]
609[14]
610[15]
611[13]
612[14]
613[11]
614[12]
615[8]
616[10]
617[9]
618[12]
619[13]
620[11]
621[14]
622[13]
623[12]
624[13]
625[10]
626[12]
627[11]
628[7]
629[5]
630[8]
631[7]
632[9]
633[8]
634[9]
635[6]
636[9]
637[11]
638[10]
639[11]
640[12]
641[8]
642[9]
643[10]
644[13]
645[12]
646[13]
647[11]
648[7]
649[11]
650[10]
651[9]
652[8]
653[4]
654[11]
655[10]
656[9]
657[13]
658[12]
659[13]
660[11]
661[13]
662[12]
663[10]
664[11]
665[12]
666[8]
667[13]
668[12]
669[19]
670[18]
671[17]
672[16]
673[15]
674[14]
675[13]
676[14]
677[11]
678[13]
679[12]
680[14]
681[13]
682[14]
683[10]
684[14]
685[15]
686[13]
687[14]
688[12]
689[11]
690[12]
691[13]
692[9]
693[7]
694[11]
695[10]
696[11]
697[9]
698[8]
699[10]
700[9]
701[6]
702[7]
703[9]
704[12]
705[13]
706[11]
707[12]
708[10]
709[11]
710[13]
711[12]
712[8]
713[11]
714[10]
715[9]
716[10]
717[5]
718[12]
719[11]
720[12]
721[14]
722[13]
723[10]
724[11]
725[9]
726[12]
727[11]
728[12]
729[10]
730[11]
731[12]
732[8]
733[9]
734[7]
735[8]
736[10]
737[9]
738[10]
739[6]
740[9]
741[11]
742[13]
743[12]
744[10]
745[11]
746[8]
747[10]
748[9]
749[12]
750[13]
751[11]
752[13]
753[14]
754[12]
755[10]
756[7]
757[11]
758[10]
759[12]
760[11]
761[12]
762[9]
763[10]
764[8]
765[3]
766[11]
767[10]
768[14]
769[13]
770[14]
771[12]
772[13]
773[11]
774[14]
775[16]
776[15]
777[13]
778[17]
779[16]
780[15]
781[14]
782[15]
783[16]
784[12]
785[17]
786[16]
787[15]
788[14]
789[17]
790[16]
791[15]
792[13]
793[9]
794[10]
795[15]
796[16]
797[14]
798[13]
799[14]
800[12]
801[15]
802[14]
803[13]
804[11]
805[8]
806[7]
807[10]
808[9]
809[11]
810[10]
811[11]
812[12]
813[13]
814[8]
815[9]
816[11]
817[10]
818[12]
819[13]
820[11]
821[12]
822[6]
823[5]
824[4]
825[8]
826[7]
827[13]
828[12]
829[11]
830[10]
831[11]
832[12]
833[13]
834[9]
835[10]
836[11]
837[8]
838[13]
839[14]
840[12]
841[14]
842[13]
843[11]
844[12]
845[13]
846[10]
847[9]
848[6]
849[7]
850[9]
851[8]
852[11]
853[10]
854[11]
855[9]
856[10]
857[11]
858[12]
859[5]
860[6]
861[7]
862[2]
863[6]
864[7]
865[5]
866[4]
867[7]
868[10]
869[9]
870[10]
871[8]
872[6]
873[5]
874[7]
875[8]
876[6]
877[3]
878[8]
879[9]
880[7]
881[8]
882[6]
883[5]
884[12]
885[11]
886[12]
887[10]
888[11]
889[9]
890[8]
891[9]
892[7]
893[8]
894[6]
895[9]
896[8]
897[10]
898[9]
899[12]
900[11]
901[10]
902[11]
903[7]
904[8]
905[4]
906[6]
907[5]
908[9]
909[10]
910[8]
911[7]
912[6]
913[0]
914[7]
915[6]
916[7]
917[11]
918[10]
919[11]
920[9]
921[11]
922[10]
923[11]
924[8]
925[5]
926[9]
927[8]
928[7]
929[6]
930[4]
931[7]
932[8]
933[6]
934[7]
935[5]
936[6]
937[9]
938[8]
939[7]
940[8]
941[10]
942[9]
943[10]
944[3]
945[8]
946[7]
947[8]
948[9]
949[6]
950[7]
951[9]
952[10]
953[11]
954[8]
955[13]
956[14]
957[12]
958[13]
959[11]
960[10]
961[9]
962[5]
963[6]
964[9]
965[10]
966[8]
967[11]
968[10]
969[9]
970[13]
971[12]
972[11]
973[10]
974[13]
975[12]
976[13]
977[11]
978[7]
979[4]
980[8]
981[7]
982[6]
983[8]
984[7]
985[9]
986[11]
987[12]
988[10]
989[11]
990[8]
991[5]
992[6]
993[7]
994[9]
995[11]
996[10]
997[8]
998[11]
999[10]
1000[9]
1001[10]
1002[2]
1003[13]
1004[12]
1005[11]
1006[12]
1007[10]
1008[13]
1009[12]
1010[13]
1011[11]
1012[9]
1013[11]
1014[10]
1015[13]
1016[12]
1017[11]
1018[12]
1019[13]
1020[8]
1021[11]
1022[10]
1023[11]
1024[9]
1025[14]
1026[15]
1027[13]
1028[12]
1029[11]
1030[10]
1031[14]
1032[13]
1033[12]
1034[11]
1035[12]
1036[7]
1037[10]
1038[11]
1039[9]
1040[11]
1041[10]
1042[12]
1043[11]
1044[8]
1045[6]
1046[14]
1047[13]
1048[12]
1049[11]
1050[12]
1051[14]
1052[15]
1053[16]
1054[13]
1055[16]
1056[15]
1057[14]
1058[15]
1059[16]
1060[10]
1061[9]
1062[11]
1063[12]
1064[10]
1065[8]
1066[11]
1067[10]
1068[9]
1069[13]
1070[14]
1071[12]
1072[14]
1073[13]
1074[14]
1075[11]
1076[12]
1077[13]
1078[10]
1079[11]
1080[7]
1081[5]
1082[12]
1083[11]
1084[10]
1085[11]
1086[9]
1087[13]
1088[12]
1089[13]
1090[14]
1091[11]
1092[13]
1093[12]
1094[13]
1095[10]
1096[11]
1097[8]
1098[9]
1099[10]
1100[7]
1101[9]
1102[10]
1103[8]
1104[6]
1105[10]
1106[9]
1107[8]
1108[9]
1109[7]
1110[9]
1111[10]
1112[14]
1113[13]
1114[14]
1115[12]
1116[11]
1117[13]
1118[12]
1119[8]
1120[10]
1121[11]
1122[12]
1123[9]
1124[11]
1125[10]
1126[11]
1127[4]
1128[9]
1129[12]
1130[11]
1131[13]
1132[15]
1133[14]
1134[15]
1135[12]
1136[10]
1137[13]
1138[12]
1139[11]
1140[12]
1141[8]
1142[10]
1143[9]
1144[13]
1145[14]
1146[12]
1147[14]
1148[13]
1149[15]
1150[16]
1151[14]
1152[15]
1153[11]
1154[10]
1155[11]
1156[7]
1157[8]
1158[15]
1159[14]
1160[16]
1161[17]
1162[15]
1163[13]
1164[16]
1165[17]
1166[15]
1167[18]
1168[17]
1169[16]
1170[14]
1171[16]
1172[15]
1173[12]
1174[18]
1175[17]
1176[21]
1177[20]
1178[19]
1179[20]
1180[18]
1181[16]
1182[15]
1183[14]
1184[15]
1185[16]
1186[13]
1187[15]
1188[16]
1189[17]
1190[14]
1191[11]
1192[12]
1193[10]
1194[13]
1195[14]
1196[12]
1197[11]
1198[9]
1199[10]
1200[6]
1201[10]
1202[11]
1203[9]
1204[11]
1205[12]
1206[10]
1207[11]
1208[16]
1209[15]
1210[16]
1211[14]
1212[15]
1213[16]
1214[17]
1215[13]
1216[14]
1217[12]
1218[13]
1219[16]
1220[15]
1221[16]
1222[14]
1223[8]
1224[12]
1225[14]
1226[13]
1227[11]
1228[12]
1229[13]
1230[10]
1231[14]
1232[13]
1233[16]
1234[15]
1235[16]
1236[17]
1237[14]
1238[12]
1239[11]
1240[13]
1241[12]
1242[13]
1243[9]
1244[11]
1245[13]
1246[12]
1247[13]
1248[10]
1249[11]
1250[12]
1251[7]
1252[14]
1253[15]
1254[13]
1255[14]
1256[12]
1257[15]
1258[14]
1259[16]
1260[17]
1261[15]
1262[16]
1263[17]
1264[18]
1265[13]
1266[17]
1267[18]
1268[16]
1269[18]
1270[20]
1271[19]
1272[20]
1273[17]
1274[18]
1275[19]
1276[15]
1277[17]
1278[16]
1279[14]
1280[17]
1281[16]
1282[17]
1283[15]
1284[11]
1285[14]
1286[13]
1287[12]
1288[14]
1289[15]
1290[13]
1291[15]
1292[14]
1293[10]
1294[12]
1296[13]
1297[14]
1298[15]
1299[11]
1300[12]
1301[9]
1302[14]
1303[13]
1304[12]
1305[14]
1306[13]
1307[14]
1308[11]
1309[12]
1310[14]
1311[15]
1312[13]
1313[10]
1314[11]
1315[8]
1316[12]
1317[11]
1318[10]
1319[9]
1320[12]
1321[13]
1322[11]
1323[14]
1324[13]
1325[12]
1326[10]
1327[11]
1328[5]
1329[12]
1330[11]
1331[10]
1332[13]
1333[12]
1334[16]
1335[15]
1336[14]
1337[16]
1338[15]
1339[13]
1340[11]
1341[12]
1342[9]
1343[14]
1344[13]
1345[12]
1346[11]
1347[12]
1348[13]
1349[10]
1350[14]
1351[13]
1352[16]
1353[15]
1354[14]
1355[16]
1356[15]
1357[12]
1358[11]
1359[13]
1360[12]
1361[15]
1362[16]
1363[14]
1364[15]
1365[13]
1366[17]
1367[16]
1368[15]
1369[14]
1370[8]
1371[9]
1372[14]
1373[13]
1374[12]
1375[11]
1376[14]
1377[13]
1378[12]
1379[13]
1380[15]
1381[14]
1382[10]
1383[11]
1384[7]
1385[11]
1386[10]
1387[13]
1388[16]
1389[15]
1390[14]
1391[15]
1392[12]
1393[13]
1394[14]
1395[11]
1396[12]
1397[13]
1398[9]
1399[13]
1400[16]
1401[15]
1402[16]
1403[17]
1404[14]
1405[16]
1406[15]
1407[12]
1408[14]
1409[15]
1410[13]
1411[11]
1412[13]
1413[16]
1414[15]
1415[16]
1416[14]
1417[15]
1418[18]
1419[17]
1420[16]
1421[12]
1422[15]
1423[14]
1424[13]
1425[15]
1426[14]
1427[15]
1428[16]
1429[17]
1430[18]
1431[10]
1432[8]
1433[14]
1434[16]
1435[15]
1436[13]
1437[14]
1438[12]
1439[17]
1440[16]
1441[17]
1442[15]
1443[14]
1444[17]
1445[19]
1446[18]
1447[16]
1448[15]
1449[13]
1450[15]
1451[14]
1452[16]
1453[15]
1454[11]
1455[13]
1456[14]
1457[15]
1458[16]
1459[18]
1460[17]
1461[18]
1462[12]
1463[13]
1464[14]
1465[10]
1466[12]
1467[11]
1468[9]
1469[15]
1470[14]
1471[17]
1472[16]
1473[17]
1474[15]
1475[16]
1476[13]
1477[15]
1478[16]
1479[14]
1480[15]
1481[12]
1482[13]
1483[14]
1484[11]
1485[14]
1486[16]
1487[15]
1488[18]
1489[17]
1490[16]
1491[17]
1492[13]
1493[12]
1494[18]
1495[17]
1496[19]
1497[18]
1498[19]
1499[16]
1500[17]
1501[18]
1502[15]
1503[14]
1504[16]
1505[15]
1506[13]
1507[16]
1508[17]
1509[15]
1510[16]
1511[14]
1512[10]
1513[17]
1514[16]
1515[15]
1516[17]
1517[16]
1518[14]
1519[15]
1520[18]
1521[20]
1522[19]
1523[17]
1524[20]
1525[19]
1526[20]
1527[21]
1528[18]
1529[20]
1530[19]
1531[20]
1532[16]
1533[13]
1534[19]
1535[18]
1536[19]
1537[17]
1538[16]
1539[17]
1540[18]
1541[15]
1542[17]
1543[16]
1544[17]
1545[14]
1546[20]
1547[19]
1548[18]
1549[20]
1550[19]
1551[20]
1552[17]
1553[19]
1554[21]
1555[20]
1556[18]
1557[20]
1558[19]
1559[20]
1560[16]
1561[15]
1562[17]
1563[18]
1564[16]
1565[19]
1566[18]
1567[17]
1568[18]
1569[19]
1570[20]
1571[12]
1572[15]
1573[14]
1574[13]
1575[17]
1576[16]
1577[15]
1578[17]
1579[16]
1580[19]
1581[18]
1582[17]
1583[14]
1584[15]
1585[11]
1586[16]
1587[15]
1588[14]
1589[17]
1590[19]
1591[18]
1592[16]
1593[21]
1594[20]
1595[22]
1596[21]
1597[23]
1598[22]
1599[19]
1600[20]
1601[18]
1602[21]
1603[20]
1604[19]
1605[21]
1606[22]
1607[20]
1608[17]
1609[19]
1610[18]
1611[15]
1612[13]
1613[14]
1614[15]
1615[16]
1616[12]
1617[17]
1618[16]
1619[15]
1620[14]
1621[16]
1622[15]
1623[13]
1624[16]
1625[15]
1626[16]
1627[14]
1628[16]
1629[15]
1630[16]
1631[6]
1632[10]
1633[12]
1634[11]
1635[13]
1636[12]
1637[14]
1638[13]
1639[15]
1640[14]
1641[9]
1642[14]
1643[13]
1644[12]
1645[11]
1646[12]
1647[10]
1648[15]
1649[14]
1650[13]
1651[14]
1652[12]
1653[13]
1654[15]
1655[17]
1656[18]
1657[19]
1658[16]
1659[14]
1660[11]
1661[13]
1662[15]
1663[14]
1664[12]
1665[13]
1666[15]
1667[14]
1668[8]
1669[10]
1670[9]
1671[11]
1672[12]
1673[10]
1674[7]
1675[8]
1676[17]
1677[16]
1678[15]
1679[16]
1680[14]
1681[13]
1682[15]
1683[16]
1684[14]
1685[15]
1686[12]
1687[13]
1688[11]
1689[12]
1690[10]
1691[11]
1692[12]
1693[9]
1694[13]
1695[12]
1696[11]
1697[10]
1698[3]
1699[9]
1700[11]
1701[12]
1702[13]
1703[10]
1704[11]
1705[12]
1706[8]
1707[12]
1708[14]
1709[13]
1710[11]
1711[10]
1712[11]
1713[9]
1714[7]
1715[8]
1716[12]
1717[11]
1718[10]
1719[9]
1720[12]
1721[11]
1722[13]
1723[14]
1724[12]
1725[10]
1726[6]
1727[9]
1728[11]
1729[10]
1730[11]
1731[8]
1732[10]
1733[12]
1734[14]
1735[13]
1736[11]
1737[16]
1738[15]
1739[14]
1740[13]
1741[15]
1742[14]
1743[12]
1744[9]
1745[11]
1746[10]
1747[14]
1748[15]
1749[18]
1750[17]
1751[16]
1752[13]
1753[12]
1754[15]
1755[16]
1756[14]
1757[17]
1758[16]
1759[15]
1760[16]
1761[13]
1762[14]
1763[11]
1764[7]
1765[9]
1766[12]
1767[11]
1768[10]
1769[12]
1770[11]
1771[8]
1772[12]
1773[11]
1774[12]
1775[10]
1776[13]
1777[12]
1778[11]
1779[9]
1780[5]
1781[14]
1782[13]
1783[12]
1784[13]
1785[11]
1786[10]
1787[12]
1788[11]
1789[12]
1790[9]
1791[11]
1792[14]
1793[13]
1794[12]
1795[14]
1796[13]
1797[14]
1798[15]
1799[10]
1800[13]
1801[12]
1802[11]
1803[13]
1804[15]
1805[14]
1806[12]
1807[15]
1808[17]
1809[16]
1810[14]
1811[17]
1812[16]
1813[15]
1814[13]
1815[8]
1816[11]
1817[12]
1818[15]
1819[14]
1820[13]
1821[15]
1822[14]
1823[10]
1824[13]
1825[14]
1826[12]
1827[11]
1828[13]
1829[15]
1830[14]
1831[15]
1832[12]
1833[13]
1834[9]
1835[13]
1836[14]
1837[16]
1838[15]
1839[16]
1840[17]
1841[12]
1842[11]
1843[12]
1844[10]
1845[12]
1846[11]
1847[7]
1848[15]
1849[16]
1850[17]
1851[14]
1852[15]
1853[13]
1854[15]
1855[14]
1856[12]
1857[11]
1858[17]
1859[16]
1860[17]
1861[15]
1862[16]
1863[14]
1864[16]
1865[20]
1866[21]
1867[19]
1868[18]
1869[17]
1870[18]
1871[19]
1872[20]
1873[15]
1874[16]
1875[17]
1876[13]
1877[14]
1878[15]
1879[12]
1880[13]
1881[10]
1882[14]
1883[13]
1884[14]
1885[12]
1886[11]
1887[14]
1888[15]
1889[16]
1890[13]
1891[12]
1892[9]
1893[17]
1894[16]
1895[17]
1896[15]
1897[17]
1898[16]
1899[18]
1900[19]
1901[17]
1902[18]
1903[19]
1904[14]
1905[15]
1906[13]
1907[17]
1908[18]
1909[16]
1910[15]
1911[18]
1912[17]
1913[16]
1914[14]
1915[15]
1916[19]
1917[18]
1918[21]
1919[20]
1920[19]
1921[20]
1922[21]
1923[17]
1924[19]
1925[18]
1926[19]
1927[20]
1928[16]
1929[19]
1930[18]
1931[17]
1932[12]
1933[17]
1934[18]
1935[16]
1936[15]
1937[16]
1938[14]
1939[17]
1940[18]
1941[16]
1942[15]
1943[16]
1944[13]
1945[15]
1946[14]
1947[17]
1948[16]
1949[15]
1950[11]
1951[14]
1952[17]
1953[18]
1954[16]
1955[18]
1956[19]
1957[21]
1958[20]
1959[17]
1960[20]
1961[19]
1962[23]
1963[24]
1964[22]
1965[21]
1966[20]
1967[21]
1968[18]
1969[23]
1970[22]
1971[21]
1972[22]
1973[23]
1974[20]
1975[21]
1976[22]
1977[23]
1978[19]
1979[15]
1980[16]
1981[13]
1982[17]
1983[16]
1984[17]
1985[15]
1986[16]
1987[14]
1988[15]
1989[12]
1990[19]
1991[20]
1992[18]
1993[17]
1994[18]
1995[20]
1996[19]
1997[16]
1998[17]
1999[18]
2000[15]
2001[14]
2002[16]
2003[15]
2004[13]
2005[14]
2006[10]
2007[15]
2008[16]
2009[14]
2010[18]
2011[19]
2012[17]
2013[18]
2014[16]
2015[17]
2016[19]
2017[18]
2018[15]
2019[17]
2020[16]
2021[17]
2022[13]
2023[16]
2024[15]
2025[17]
2026[16]
2027[14]
2028[16]
2029[15]
2030[18]
2031[20]
2032[19]
2033[17]
2034[16]
2035[17]
2036[12]
2037[15]
2038[17]
2039[16]
2040[14]
2041[15]
2042[13]
2043[17]
2044[18]
2045[16]
2046[17]
2047[15]
2048[16]
2049[17]
2050[18]
2051[14]
2052[15]
2053[11]
2054[12]
2055[14]
2056[13]
2057[8]
2058[11]
2059[10]
2060[11]
2061[13]
2062[12]
2063[9]
2064[14]
2065[15]
2066[13]
2067[12]
2068[13]
2069[14]
2070[11]
2071[16]
2072[19]
2073[20]
2074[18]
2075[17]
2076[15]
2077[16]
2078[17]
2079[19]
2080[18]
2081[19]
2082[14]
2083[13]
2084[16]
2085[15]
2086[16]
2087[14]
2088[17]
2089[16]
2090[19]
2091[18]
2092[17]
2093[15]
2094[16]
2095[12]
2096[16]
2097[15]
2098[16]
2099[14]
2100[15]
2101[13]
2102[16]
2103[15]
2104[14]
2105[15]
2106[10]
2107[12]
2108[11]
2109[12]
2110[14]
2111[15]
2112[16]
2113[13]
2114[6]
2115[11]
2116[10]
2117[17]
2118[16]
2119[15]
2120[16]
2121[14]
2122[15]
2123[13]
2124[16]
2125[15]
2126[14]
2127[12]
2128[11]
2129[15]
2130[14]
2131[13]
2132[12]
2133[13]
2134[14]
2135[9]
2136[15]
2137[14]
2138[15]
2139[13]
2140[15]
2141[14]
2142[15]
2143[18]
2144[17]
2145[16]
2146[21]
2147[20]
2148[21]
2149[19]
2150[18]
2151[17]
2152[18]
2153[12]
2154[16]
2155[17]
2156[18]
2157[15]
2158[17]
2159[16]
2160[18]
2161[17]
2162[14]
2163[15]
2164[17]
2165[18]
2166[19]
2167[16]
2168[17]
2169[19]
2170[18]
2171[13]
2172[15]
2173[14]
2174[11]
2175[12]
2176[14]
2177[19]
2178[18]
2179[17]
2180[18]
2181[16]
2182[17]
2183[18]
2184[15]
2185[17]
2186[19]
2187[18]
2188[22]
2189[21]
2190[22]
2191[20]
2192[21]
2193[19]
2194[16]
2195[17]
2196[18]
2197[20]
2198[19]
2199[13]
2200[14]
2201[10]
2202[13]
2203[12]
2204[11]
2205[8]
2206[13]
2207[14]
2208[12]
2209[15]
2210[16]
2211[14]
2212[16]
2213[15]
2214[17]
2215[18]
2216[16]
2217[18]
2218[19]
2219[17]
2220[20]
2221[19]
2222[18]
2223[13]
2224[15]
2225[14]
2226[11]
2227[10]
2228[13]
2229[12]
2230[15]
2231[14]
2232[15]
2233[16]
2234[13]
2235[16]
2236[15]
2237[14]
2238[16]
2239[15]
2240[18]
2241[17]
2242[20]
2243[19]
2244[20]
2245[18]
2246[21]
2247[20]
2248[21]
2249[19]
2250[16]
2251[17]
2252[11]
2253[15]
2254[14]
2255[13]
2256[18]
2257[17]
2258[16]
2259[15]
2260[14]
2261[16]
2262[15]
2263[12]
2264[13]
2265[9]
2266[14]
2267[13]
2268[12]
2269[11]
2270[12]
2271[10]
2272[13]
2273[14]
2274[16]
2275[15]
2276[12]
2277[13]
2278[15]
2279[16]
2280[17]
2281[14]
2282[16]
2283[15]
2284[16]
2285[11]
2286[17]
2287[16]
2288[17]
2289[15]
2290[17]
2291[16]
2292[14]
2293[15]
2294[17]
2295[16]
2296[17]
2297[13]
2298[14]
2299[15]
2300[12]
2301[16]
2302[17]
2303[15]
2304[17]
2305[18]
2306[20]
2307[19]
2308[16]
2309[14]
2310[16]
2311[15]
2312[17]
2313[16]
2314[18]
2315[17]
2316[13]
2317[20]
2318[19]
2319[18]
2320[17]
2321[18]
2322[16]
2323[15]
2324[14]
2325[7]
2326[11]
2327[10]
2328[9]
2329[13]
2330[12]
2331[11]
2332[10]
2333[11]
2334[12]
2335[8]
2336[11]
2337[12]
2338[10]
2339[11]
2340[12]
2341[9]
2342[12]
2343[13]
2344[16]
2345[15]
2346[14]
2347[11]
2348[13]
2349[12]
2350[10]
2351[13]
2352[12]
2353[13]
2354[11]
2355[15]
2356[16]
2357[17]
2358[14]
2359[15]
2360[17]
2361[20]
2362[19]
2363[18]
2364[16]
2365[13]
2366[12]
2367[4]
2368[15]
2369[14]
2370[13]
2371[12]
2372[11]
2373[12]
2374[10]
2375[13]
2376[12]
2377[11]
2378[9]
2379[13]
2380[12]
2381[11]
2382[14]
2383[13]
2384[12]
2385[10]
2386[13]
2387[14]
2388[12]
2389[15]
2390[16]
2391[14]
2392[13]
2393[14]
2394[11]
2395[13]
2396[14]
2397[15]
2398[12]
2399[13]
2400[8]
2401[11]
2402[12]
2403[10]
2404[11]
2405[9]
2406[12]
2407[11]
2408[12]
2409[14]
2410[15]
2411[13]
2412[10]
2413[11]
2414[12]
2415[7]
2416[14]
2417[15]
2418[13]
2419[14]
2420[12]
2421[15]
2422[14]
2423[15]
2424[13]
2425[14]
2426[11]
2427[13]
2428[14]
2429[12]
2430[15]
2431[14]
2432[15]
2433[13]
2434[16]
2435[18]
2436[17]
2437[15]
2438[14]
2439[15]
2440[10]
2441[13]
2442[12]
2443[14]
2444[13]
2445[11]
2446[13]
2447[12]
2448[13]
2449[14]
2450[16]
2451[15]
2452[9]
2453[13]
2454[12]
2455[13]
2456[14]
2457[11]
2458[10]
2459[11]
2460[8]
2461[10]
2462[11]
2463[14]
2464[15]
2465[13]
2466[12]
2467[9]
2468[11]
2469[15]
2470[14]
2471[15]
2472[13]
2473[12]
2474[14]
2475[13]
2476[17]
2477[16]
2478[15]
2479[14]
2480[18]
2481[17]
2482[16]
2483[18]
2484[17]
2485[15]
2486[16]
2487[10]
2488[12]
2489[17]
2490[16]
2491[17]
2492[19]
2493[18]
2494[15]
2495[20]
2496[19]
2497[18]
2498[19]
2499[17]
2500[18]
2501[21]
2502[22]
2503[20]
2504[21]
2505[19]
2506[20]
2507[22]
2508[21]
2509[16]
2510[17]
2511[14]
2512[15]
2513[17]
2514[16]
2515[13]
2516[14]
2517[16]
2518[17]
2519[15]
2520[17]
2521[16]
2522[11]
2523[13]
2524[12]
2525[13]
2526[6]
2527[10]
2528[14]
2529[13]
2530[12]
2531[13]
2532[11]
2533[14]
2534[13]
2535[14]
2536[12]
2537[13]
2538[16]
2539[15]
2540[16]
2541[14]
2542[16]
2543[18]
2544[19]
2545[17]
2546[15]
2547[9]
2548[13]
2549[14]
2550[12]
2551[11]
2552[13]
2553[12]
2554[10]
2555[12]
2556[11]
2557[8]
2558[13]
2559[12]
2560[15]
2561[14]
2562[13]
2563[14]
2564[11]
2565[13]
2566[12]
2567[10]
2568[15]
2569[16]
2570[17]
2571[18]
2572[14]
2573[16]
2574[17]
2575[15]
2576[13]
2577[12]
2578[13]
2579[17]
2580[18]
2581[16]
2582[17]
2583[15]
2584[14]
2585[15]
2586[11]
2587[17]
2588[16]
2589[17]
2590[15]
2591[20]
2592[19]
2593[18]
2594[20]
2595[19]
2596[17]
2597[18]
2598[20]
2599[21]
2600[22]
2601[19]
2602[20]
2603[21]
2604[16]
2605[17]
2606[14]
2607[16]
2608[17]
2609[15]
2610[13]
2611[14]
2612[16]
2613[15]
2614[12]
2615[19]
2616[18]
2617[19]
2618[17]
2619[19]
2620[18]
2621[22]
2622[21]
2623[22]
2624[23]
2625[20]
2626[19]
2627[20]
2628[16]
2629[18]
2630[17]
2631[15]
2632[18]
2633[19]
2634[17]
2635[16]
2636[17]
2637[18]
2638[14]
2639[15]
2640[19]
2641[18]
2642[17]
2643[16]
2644[17]
2645[19]
2646[18]
2647[13]
2648[15]
2649[14]
2650[16]
2651[15]
2652[16]
2653[9]
2654[13]
2655[12]
2656[11]
2657[10]
2658[11]
2659[7]
2660[10]
2661[9]
2662[8]
2663[10]
2664[12]
2665[11]
2666[9]
2667[14]
2668[13]
2669[14]
2670[12]
2671[13]
2672[14]
2673[17]
2674[16]
2675[15]
2676[11]
2677[10]
2678[13]
2679[14]
2680[15]
2681[12]
2682[13]
2683[15]
2684[14]
2685[11]
2686[12]
2687[5]
2688[14]
2689[16]
2690[17]
2691[15]
2692[17]
2693[16]
2694[17]
2695[13]
2696[12]
2697[15]
2698[17]
2699[16]
2700[17]
2701[14]
2702[15]
2703[13]
2704[14]
2705[11]
2706[15]
2707[16]
2708[14]
2709[13]
2710[12]
2711[14]
2712[13]
2713[15]
2714[14]
2715[10]
2716[14]
2717[15]
2718[19]
2719[18]
2720[17]
2721[21]
2722[22]
2723[23]
2724[20]
2725[19]
2726[18]
2727[20]
2728[19]
2729[16]
2730[13]
2731[15]
2732[14]
2733[15]
2734[17]
2735[16]
2736[12]
2737[18]
2738[17]
2739[16]
2740[15]
2741[17]
2742[19]
2743[18]
2744[19]
2745[16]
2746[18]
2747[17]
2748[18]
2749[14]
2750[15]
2751[17]
2752[16]
2753[17]
2754[18]
2755[13]
2756[15]
2757[17]
2758[19]
2759[18]
2760[16]
2761[17]
2762[14]
2763[16]
2764[20]
2765[19]
2766[21]
2767[20]
2768[18]
2769[19]
2770[21]
2771[20]
2772[21]
2773[17]
2774[19]
2775[20]
2776[21]
2777[18]
2778[15]
2779[17]
2780[20]
2781[19]
2782[20]
2783[18]
2784[16]
2785[18]
2786[17]
2787[11]
2788[13]
2789[14]
2790[12]
2791[9]
2792[13]
2793[14]
2794[12]
2795[14]
2796[16]
2797[18]
2798[19]
2799[17]
2800[18]
2801[19]
2802[15]
2803[17]
2804[16]
2805[18]
2806[17]
2807[13]
2808[11]
2809[14]
2810[13]
2811[12]
2812[14]
2813[15]
2814[16]
2815[13]
2816[16]
2817[15]
2818[18]
2819[17]
2820[16]
2821[17]
2822[20]
2823[19]
2824[18]
2825[14]
2826[10]
2827[11]
2828[8]
2829[9]
2830[7]
2831[13]
2832[15]
2833[14]
2834[12]
2835[14]
2836[13]
2837[14]
2838[11]
2839[12]
2840[10]
2841[17]
2842[16]
2843[15]
2844[14]
2845[13]
2846[14]
2847[15]
2848[16]
2849[12]
2850[14]
2851[13]
2852[14]
2853[11]
2854[14]
2855[15]
2856[16]
2857[13]
2858[12]
2859[14]
2860[13]
2861[9]
2862[13]
2863[12]
2864[11]
2865[14]
2866[15]
2867[16]
2868[13]
2869[14]
2870[15]
2871[12]
2872[10]
2873[12]
2874[13]
2875[11]
2876[8]
2877[11]
2878[16]
2879[15]
2880[16]
2881[14]
2882[13]
2883[16]
2884[15]
2885[14]
2886[15]
2887[12]
2888[14]
2889[13]
2890[14]
2891[15]
2892[10]
2893[12]
2894[11]
2895[13]
2896[14]
2897[12]
2898[9]
2899[10]
2900[14]
2901[15]
2902[13]
2903[12]
2904[13]
2905[11]
2906[6]
2907[7]
2908[1]
2909[6]
2910[8]
2911[9]
2912[7]
2913[8]
2914[5]
2915[11]
2916[14]
2917[13]
2918[15]
2919[16]
2920[14]
2921[16]
2922[17]
2923[15]
2924[12]
2925[10]
2926[11]
2927[12]
2928[13]
2929[9]
2930[8]
2931[11]
2932[13]
2933[12]
2934[10]
2935[11]
2936[16]
2937[15]
2938[14]
2939[13]
2940[12]
2941[13]
2942[9]
2943[14]
2944[13]
2945[14]
2946[16]
2947[15]
2948[18]
2949[17]
2950[16]
2951[12]
2952[14]
2953[13]
2954[11]
2955[13]
2956[14]
2957[15]
2958[18]
2959[17]
2960[16]
2961[12]
2962[13]
2963[10]
2964[13]
2965[12]
2966[15]
2967[14]
2968[15]
2969[13]
2970[16]
2971[15]
2972[14]
2973[15]
2974[16]
2975[11]
2976[17]
2977[18]
2978[16]
2979[15]
2980[16]
2981[19]
2982[18]
2983[17]
2984[14]
2985[18]
2986[17]
2987[16]
2988[15]
2989[13]
2990[14]
2991[16]
2992[15]
2993[12]
2994[14]
2995[13]
2996[16]
2997[15]
2998[16]
2999[14]
3000[7]
3001[8]
3002[10]
3003[9]
3004[10]
3005[11]
3006[6]
3007[9]
3008[8]
3009[10]
3010[11]
3011[9]
3012[10]
3013[7]
3014[12]
3015[13]
3016[11]
3017[14]
3018[15]
3019[13]
3020[12]
3021[15]
3022[14]
3023[15]
3024[13]
3025[10]
3026[13]
3027[12]
3028[11]
3029[9]
3030[12]
3031[14]
3032[13]
3033[14]
3034[11]
3035[10]
3036[11]
3037[8]
3038[10]
3039[9]
3040[4]
3041[11]
3042[10]
3043[12]
3044[11]
3045[9]
3046[12]
3047[11]
3048[10]
3049[13]
3050[12]
3051[11]
3052[8]
3053[9]
3054[11]
3055[14]
3056[13]
3057[14]
3058[12]
3059[14]
3060[13]
3061[10]
3062[12]
3063[11]
3064[12]
3065[16]
3066[15]
3067[18]
3068[17]
3069[16]
3070[14]
3071[15]
3072[13]
3073[14]
3074[15]
3075[7]
3076[11]
3077[12]
3078[10]
3079[16]
3080[17]
3081[15]
3082[16]
3083[14]
3084[15]
3085[18]
3086[17]
3087[16]
3088[13]
3089[15]
3090[14]
3091[12]
3092[13]
3093[14]
3094[11]
3095[9]
3096[10]
3097[8]
3098[10]
3099[12]
3100[14]
3101[16]
3102[15]
3103[17]
3104[16]
3105[17]
3106[13]
3107[11]
3108[13]
3109[12]
3110[9]
3111[12]
3112[11]
3113[12]
3114[10]
3115[14]
3116[13]
3117[12]
3118[13]
3119[11]
3120[14]
3121[13]
3122[14]
3123[15]
3124[12]
3125[14]
3126[13]
3127[15]
3128[14]
3129[6]
3130[13]
3131[12]
3132[11]
3133[12]
3134[14]
3135[13]
3136[15]
3137[14]
3138[10]
3139[13]
3140[12]
3141[11]
3142[9]
3143[10]
3144[11]
3145[14]
3146[13]
3147[16]
3148[17]
3149[15]
3150[16]
3151[14]
3152[16]
3153[15]
3154[12]
3155[8]
3156[13]
3157[12]
3158[13]
3159[11]
3160[10]
3161[11]
3162[9]
3163[15]
3164[14]
3165[15]
3166[16]
3167[13]
3168[14]
3169[15]
3170[12]
3171[13]
3172[11]
3173[14]
3174[13]
3175[14]
3176[12]
3177[14]
3178[13]
3179[14]
3180[10]
3181[12]
3182[16]
3183[15]
3184[14]
3185[15]
3186[16]
3187[13]
3188[11]
3189[7]
3190[11]
3191[12]
3192[10]
3193[9]
3194[12]
3195[14]
3196[13]
3197[11]
3198[13]
3199[12]
3200[10]
3201[14]
3202[13]
3203[20]
3204[19]
3205[18]
3206[19]
3207[20]
3208[17]
3209[16]
3210[15]
3211[17]
3212[19]
3213[18]
3214[21]
3215[20]
3216[19]
3217[20]
3218[16]
3219[17]
3220[19]
3221[18]
3222[21]
3223[20]
3224[23]
3225[22]
3226[23]
3227[21]
3228[22]
3229[19]
3230[20]
3231[14]
3232[19]
3233[18]
3234[17]
3235[16]
3236[17]
3237[15]
3238[16]
3239[12]
3240[16]
3241[17]
3242[18]
3243[15]
3244[17]
3245[16]
3246[17]
3247[14]
3248[16]
3249[15]
3250[13]
3251[17]
3252[18]
3253[16]
3254[17]
3255[19]
3256[18]
3257[19]
3258[15]
3259[14]
3260[17]
3261[16]
3262[20]
3263[19]
3264[18]
3265[21]
3266[20]
3267[19]
3268[20]
3269[22]
3270[23]
3271[21]
3272[17]
3273[18]
3274[15]
3275[17]
3276[16]
3277[20]
3278[19]
3279[20]
3280[18]
3281[17]
3282[11]
3283[15]
3284[14]
3285[17]
3286[16]
3287[17]
3288[18]
3289[15]
3290[13]
3291[12]
3292[15]
3293[14]
3294[16]
3295[15]
3296[17]
3297[19]
3298[18]
3299[16]
3300[17]
3301[13]
3302[8]
3303[11]
3304[15]
3305[14]
3306[15]
3307[13]
3308[16]
3309[15]
3310[17]
3311[16]
3312[14]
3313[16]
3314[15]
3315[16]
3316[12]
3317[15]
3318[16]
3319[14]
3320[13]
3321[10]
3322[13]
3323[15]
3324[14]
3325[15]
3326[12]
3327[14]
3328[13]
3329[11]
3330[16]
3331[17]
3332[15]
3333[17]
3334[16]
3335[14]
3336[15]
3337[13]
3338[16]
3339[15]
3340[14]
3341[12]
3342[15]
3343[14]
3344[15]
3345[13]
3346[16]
3347[15]
3348[16]
3349[14]
3350[16]
3351[15]
3352[9]
3353[12]
3354[11]
3355[16]
3356[15]
3357[14]
3358[16]
3359[15]
3360[13]
3361[15]
3362[14]
3363[12]
3364[16]
3365[15]
3366[16]
3367[14]
3368[16]
3369[15]
3370[16]
3371[18]
3372[17]
3373[13]
3374[17]
3375[16]
3376[15]
3377[14]
3378[15]
3379[16]
3380[10]
3381[15]
3382[14]
3383[13]
3384[12]
3385[13]
3386[15]
3387[14]
3388[11]
3389[13]
3390[12]
3391[13]
3392[5]
3393[3]
3394[8]
3395[10]
3396[12]
3397[11]
3398[13]
3399[12]
3400[9]
3401[11]
3402[12]
3403[13]
3404[10]
3405[7]
3406[9]
3407[12]
3408[11]
3409[10]
3410[8]
3411[10]
3412[11]
3413[9]
3414[10]
3415[6]
3416[7]
3417[10]
3418[12]
3419[11]
3420[9]
3421[10]
3422[11]
3423[8]
3424[10]
3425[11]
3426[9]
3427[11]
3428[10]
3429[5]
3430[11]
3431[10]
3432[11]
3433[12]
3434[14]
3435[13]
3436[14]
3437[9]
3438[11]
3439[16]
3440[17]
3441[15]
3442[14]
3443[15]
3444[13]
3445[12]
3446[13]
3447[15]
3448[16]
3449[14]
3450[10]
3451[12]
3452[13]
3453[14]
3454[11]
3455[15]
3456[18]
3457[17]
3458[16]
3459[14]
3460[13]
3461[14]
3462[12]
3463[8]
3464[14]
3465[15]
3466[16]
3467[13]
3468[15]
3469[17]
3470[16]
3471[17]
3472[18]
3473[14]
3474[12]
3475[13]
3476[11]
3477[17]
3478[16]
3479[15]
3480[16]
3481[14]
3482[13]
3483[15]
3484[17]
3485[16]
3486[14]
3487[12]
3488[10]
3489[14]
3490[13]
3491[12]
3492[13]
3493[11]
3494[9]
3495[13]
3496[12]
3497[16]
3498[15]
3499[14]
3500[13]
3501[11]
3502[13]
3503[12]
3504[13]
3505[10]
3506[15]
3507[16]
3508[17]
3509[14]
3510[13]
3511[18]
3512[17]
3513[16]
3514[15]
3515[16]
3516[18]
3517[19]
3518[20]
3519[17]
3520[18]
3521[14]
3522[12]
3523[16]
3524[17]
3525[15]
3526[14]
3527[16]
3528[15]
3529[16]
3530[13]
3531[15]
3532[16]
3533[18]
3534[17]
3535[14]
3536[16]
3537[15]
3538[11]
3539[16]
3540[15]
3541[16]
3542[14]
3543[13]
3544[12]
3545[13]
3546[7]
3547[9]
3548[10]
3549[11]
3550[8]
3551[11]
3552[12]
3553[10]
3554[11]
3555[9]
3556[6]
3557[7]
3558[4]
3559[8]
3560[7]
3561[8]
3562[10]
3563[9]
3564[6]
3565[7]
3566[5]
3567[9]
3568[8]
3569[10]
3570[9]
3571[7]
3572[12]
3573[11]
3574[10]
3575[12]
3576[14]
3577[15]
3578[16]
3579[13]
3580[11]
3581[12]
3582[14]
3583[15]
3584[13]
3585[9]
3586[8]
3587[10]
3588[9]
3589[11]
3590[12]
3591[10]
3592[11]
3593[6]
3594[12]
3595[13]
3596[11]
3597[12]
3598[13]
3599[14]
3600[10]
3601[11]
3602[13]
3603[12]
3604[13]
3605[9]
3606[11]
3607[13]
3608[12]
3609[14]
3610[13]
3611[10]
3612[11]
3613[14]
3614[13]
3615[12]
3616[8]
3617[11]
3618[10]
3619[12]
3620[11]
3621[9]
3622[7]
3623[8]
3624[2]
3625[10]
3626[9]
3627[10]
3628[11]
3629[8]
3630[10]
3631[11]
3632[9]
3633[11]
3634[10]
3635[12]
3636[11]
3637[13]
3638[12]
3639[13]
3640[7]
3641[8]
3642[9]
3643[12]
3644[13]
3645[11]
3646[10]
3647[11]
3648[6]
3649[10]
3650[9]
3651[10]
3652[12]
3653[11]
3654[8]
3655[7]
3656[11]
3657[10]
3658[9]
3659[10]
3660[8]
3661[9]
3662[11]
3663[10]
3664[5]
3665[10]
3666[9]
3667[8]
3668[12]
3669[13]
3670[14]
3671[15]
3672[11]
3673[13]
3674[12]
3675[17]
3676[16]
3677[15]
3678[14]
3679[13]
3680[16]
3681[15]
3682[17]
3683[16]
3684[14]
3685[10]
3686[9]
3687[11]
3688[12]
3689[14]
3690[13]
3691[10]
3692[11]
3693[13]
3694[12]
3695[13]
3696[7]
3697[10]
3698[9]
3699[8]
3700[11]
3701[10]
3702[9]
3703[11]
3704[12]
3705[10]
3706[12]
3707[11]
3708[6]
3709[13]
3710[12]
3711[11]
3712[10]
3713[11]
3714[12]
3715[13]
3716[14]
3717[9]
3718[8]
3719[7]
3720[11]
3721[10]
3722[12]
3723[11]
3724[9]
3725[11]
3726[13]
3727[12]
3728[13]
3729[10]
3730[11]
3731[8]
3732[12]
3733[11]
3734[10]
3735[9]
3736[11]
3737[12]
3738[10]
3739[11]
3740[12]
3741[4]
3742[9]
3743[8]
3744[10]
3745[9]
3746[12]
3747[11]
3748[12]
3749[13]
3750[14]
3751[10]
3752[12]
3753[11]
3754[7]
3755[13]
3756[15]
3757[14]
3758[15]
3759[16]
3760[12]
3761[13]
3762[14]
3763[15]
3764[17]
3765[16]
3766[17]
3767[11]
3768[14]
3769[13]
3770[12]
3771[14]
3772[17]
3773[16]
3774[15]
3775[13]
3776[14]
3777[16]
3778[15]
3779[16]
3780[10]
3781[15]
3782[16]
3783[17]
3784[18]
3785[19]
3786[14]
3787[13]
3788[12]
3789[17]
3790[19]
3791[18]
3792[16]
3793[17]
3794[15]
3795[16]
3796[17]
3797[14]
3798[15]
3799[16]
3800[13]
3801[14]
3802[15]
3803[11]
3804[12]
3805[15]
3806[14]
3807[13]
3808[15]
3809[14]
3810[15]
3811[9]
3812[10]
3813[11]
3814[14]
3815[13]
3816[14]
3817[15]
3818[12]
3819[13]
3820[8]
3821[11]
3822[12]
3823[10]
3824[9]
3825[10]
3826[11]
3827[6]
3828[7]
3829[8]
3830[11]
3831[10]
3832[9]
3833[5]
3834[13]
3835[14]
3836[12]
3837[11]
3838[13]
3839[12]
3840[13]
3841[10]
3842[11]
3843[9]
3844[8]
3845[7]
3846[9]
3847[13]
3848[12]
3849[11]
3850[12]
3851[13]
3852[10]
3853[8]
3854[12]
3855[14]
3856[13]
3857[11]
3858[12]
3859[10]
3860[15]
3861[16]
3862[14]
3863[15]
3864[13]
3865[15]
3866[14]
3867[12]
3868[14]
3869[13]
3870[16]
3871[17]
3872[15]
3873[14]
3874[15]
3875[11]
3876[15]
3877[16]
3878[14]
3879[15]
3880[13]
3881[14]
3882[12]
3883[14]
3884[19]
3885[18]
3886[17]
3887[16]
3888[18]
3889[17]
3890[18]
3891[15]
3892[16]
3893[18]
3894[19]
3895[17]
3896[18]
3897[13]
3898[9]
3899[11]
3900[10]
3901[6]
3902[10]
3903[11]
3904[9]
3905[8]
3906[10]
3907[9]
3908[7]
3909[14]
3910[13]
3911[12]
3912[11]
3913[12]
3914[10]
3915[11]
3916[12]
3917[9]
3918[12]
3919[11]
3920[13]
3921[14]
3922[12]
3923[13]
3924[10]
3925[12]
3926[11]
3927[12]
3928[13]
3929[14]
3930[8]
3931[11]
3932[13]
3933[12]
3934[13]
3935[10]
3936[9]
3937[3]
3938[9]
3939[10]
3940[8]
3941[7]
3942[14]
3943[15]
3944[13]
3945[14]
3946[12]
3947[13]
3948[11]
3949[10]
3950[13]
3951[12]
3952[13]
3953[11]
3954[12]
3955[13]
3956[9]
3957[10]
3958[12]
3959[11]
3960[8]
3961[10]
3962[9]
3963[6]
3964[8]
3965[12]
3966[11]
3967[13]
3968[12]
3969[13]
3970[14]
3971[15]
3972[10]
3973[11]
3974[9]
3975[11]
3976[13]
3977[12]
3978[10]
3979[12]
3980[11]
3981[7]
3982[8]
3983[9]
3984[12]
3985[14]
3986[16]
3987[15]
3988[13]
3989[11]
3990[12]
3991[10]
3992[12]
3993[11]
3994[14]
3995[13]
3996[12]
3997[5]
3998[9]
3999[10]
4000[12]
4001[11]
4002[8]
4003[10]
4004[9]
4005[10]
4006[7]
4007[8]
4008[10]
4009[9]
4010[13]
4011[12]
4012[11]
4013[12]
4014[10]
4015[11]
4016[6]
4017[8]
4018[7]
4019[10]
4020[12]
4021[11]
4022[9]
4023[8]
4024[11]
4025[12]
4026[13]
4027[10]
4028[11]
4029[9]
4030[11]
4031[10]
4032[11]
4033[12]
4034[4]
4035[9]
4036[10]
4037[13]
4038[12]
4039[13]
4040[11]
4041[8]
4042[10]
4043[9]
4044[10]
4045[13]
4046[14]
4047[12]
4048[11]
4049[15]
4050[16]
4051[14]
4052[13]
4053[12]
4054[7]
4055[8]
4056[10]
4057[9]
4058[6]
4059[7]
4060[11]
4061[10]
4062[12]
4063[11]
4064[13]
4065[12]
4066[13]
4067[9]
4068[8]
4069[9]
4070[10]
4071[5]
4072[9]
4073[8]
4074[7]
4075[9]
4076[8]
4077[9]
4078[6]
4079[9]
4080[10]
4081[12]
4082[11]
4083[8]
4084[7]
4085[10]
4086[11]
4087[12]
4088[9]
4089[10]
4090[11]
4091[8]
4092[9]
4093[10]
4094[12]
4095[11]
