2[4]
3[5]
4[3]
5[5]
6[4]
7[5]
8[2]
9[5]
10[4]
11[5]
12[3]
13[5]
14[4]
15[5]
16[1]
17[5]
18[4]
19[5]
20[3]
21[5]
22[4]
23[5]
24[2]
25[5]
26[4]
27[5]
28[3]
29[5]
30[4]
31[5]
32[0]
33[5]
34[4]
35[5]
36[3]
37[5]
38[4]
39[5]
40[2]
41[5]
42[4]
43[5]
44[3]
45[5]
46[4]
47[5]
48[1]
49[5]
50[4]
51[5]
52[3]
53[5]
54[4]
55[5]
56[2]
57[5]
58[4]
59[5]
60[3]
61[5]
62[4]
63[5]
2[4]
3[5]
4[3]
5[5]
6[4]
7[5]
8[2]
9[5]
10[4]
11[5]
12[3]
13[5]
14[4]
15[5]
16[1]
17[5]
18[4]
19[5]
20[3]
21[5]
22[4]
23[5]
24[2]
25[5]
26[4]
27[5]
28[3]
29[5]
30[4]
31[5]
32[0]
33[5]
34[4]
35[5]
36[3]
37[5]
38[4]
39[5]
40[2]
41[5]
42[4]
43[5]
44[3]
45[5]
46[4]
47[5]
48[1]
49[5]
50[4]
51[5]
52[3]
53[5]
54[4]
55[5]
56[2]
57[5]
58[4]
59[5]
60[3]
61[5]
62[4]
63[5]
