1[4]
2[5]
3[6]
4[3]
5[4]
6[5]
7[6]
8[9]
9[8]
10[9]
11[7]
12[9]
13[8]
14[2]
15[1]
16[8]
17[7]
18[9]
19[10]
20[11]
21[12]
22[8]
23[9]
24[6]
25[8]
26[9]
27[7]
28[9]
29[8]
30[5]
31[7]
32[11]
33[10]
34[11]
35[9]
36[11]
37[10]
38[8]
39[9]
40[6]
41[4]
42[7]
43[8]
44[6]
45[7]
46[5]
47[7]
48[8]
49[9]
50[6]
51[3]
52[5]
53[4]
54[2]
55[4]
56[3]
57[5]
58[7]
59[6]
60[4]
62[0]
63[1]
1[4]
2[5]
3[6]
4[3]
5[4]
6[5]
7[6]
8[9]
9[8]
10[9]
11[7]
12[9]
13[8]
14[2]
15[1]
16[8]
17[7]
18[9]
19[10]
20[11]
21[12]
22[8]
23[9]
24[6]
25[8]
26[9]
27[7]
28[9]
29[8]
30[5]
31[7]
32[11]
33[10]
34[11]
35[9]
36[11]
37[10]
38[8]
39[9]
40[6]
41[4]
42[7]
43[8]
44[6]
45[7]
46[5]
47[7]
48[8]
49[9]
50[6]
51[3]
52[5]
53[4]
54[2]
55[4]
56[3]
57[5]
58[7]
59[6]
60[4]
62[0]
63[1]
