2[5]
3[6]
4[4]
5[6]
6[5]
7[6]
8[3]
9[6]
10[5]
11[6]
12[4]
13[6]
14[5]
15[6]
16[2]
17[6]
18[5]
19[6]
20[4]
21[6]
22[5]
23[6]
24[3]
25[6]
26[5]
27[6]
28[4]
29[6]
30[5]
31[6]
32[1]
33[6]
34[5]
35[6]
36[4]
37[6]
38[5]
39[6]
40[3]
41[6]
42[5]
43[6]
44[4]
45[6]
46[5]
47[6]
48[2]
49[6]
50[5]
51[6]
52[4]
53[6]
54[5]
55[6]
56[3]
57[6]
58[5]
59[6]
60[4]
61[6]
62[5]
63[6]
64[0]
65[6]
66[5]
67[6]
68[4]
69[6]
70[5]
71[6]
72[3]
73[6]
74[5]
75[6]
76[4]
77[6]
78[5]
79[6]
80[2]
81[6]
82[5]
83[6]
84[4]
85[6]
86[5]
87[6]
88[3]
89[6]
90[5]
91[6]
92[4]
93[6]
94[5]
95[6]
96[1]
97[6]
98[5]
99[6]
100[4]
101[6]
102[5]
103[6]
104[3]
105[6]
106[5]
107[6]
108[4]
109[6]
110[5]
111[6]
112[2]
113[6]
114[5]
115[6]
116[4]
117[6]
118[5]
119[6]
120[3]
121[6]
122[5]
123[6]
124[4]
125[6]
126[5]
127[6]
2[5]
3[6]
4[4]
5[6]
6[5]
7[6]
8[3]
9[6]
10[5]
11[6]
12[4]
13[6]
14[5]
15[6]
16[2]
17[6]
18[5]
19[6]
20[4]
21[6]
22[5]
23[6]
24[3]
25[6]
26[5]
27[6]
28[4]
29[6]
30[5]
31[6]
32[1]
33[6]
34[5]
35[6]
36[4]
37[6]
38[5]
39[6]
40[3]
41[6]
42[5]
43[6]
44[4]
45[6]
46[5]
47[6]
48[2]
49[6]
50[5]
51[6]
52[4]
53[6]
54[5]
55[6]
56[3]
57[6]
58[5]
59[6]
60[4]
61[6]
62[5]
63[6]
64[0]
65[6]
66[5]
67[6]
68[4]
69[6]
70[5]
71[6]
72[3]
73[6]
74[5]
75[6]
76[4]
77[6]
78[5]
79[6]
80[2]
81[6]
82[5]
83[6]
84[4]
85[6]
86[5]
87[6]
88[3]
89[6]
90[5]
91[6]
92[4]
93[6]
94[5]
95[6]
96[1]
97[6]
98[5]
99[6]
100[4]
101[6]
102[5]
103[6]
104[3]
105[6]
106[5]
107[6]
108[4]
109[6]
110[5]
111[6]
112[2]
113[6]
114[5]
115[6]
116[4]
117[6]
118[5]
119[6]
120[3]
121[6]
122[5]
123[6]
124[4]
125[6]
126[5]
127[6]
