1[4]
2[7]
3[6]
4[5]
5[7]
6[6]
7[3]
8[2]
9[1]
10[5]
11[6]
12[7]
13[4]
14[5]
15[3]
16[4]
17[5]
18[2]
19[0]
20[5]
21[4]
22[6]
23[7]
24[8]
25[5]
26[6]
27[7]
28[8]
29[3]
30[9]
31[11]
32[10]
33[8]
34[9]
35[7]
36[6]
37[8]
38[7]
39[5]
40[7]
41[8]
42[6]
43[10]
44[9]
46[10]
47[8]
48[9]
49[7]
50[9]
51[8]
52[10]
53[9]
54[4]
55[8]
56[7]
57[8]
58[6]
59[7]
60[9]
61[8]
62[5]
63[2]
64[7]
65[9]
66[8]
67[6]
68[5]
69[7]
70[6]
71[4]
72[5]
73[3]
74[6]
75[5]
76[6]
77[4]
78[1]
79[6]
80[7]
81[10]
82[9]
83[8]
84[5]
85[8]
86[7]
87[8]
88[9]
89[6]
90[4]
91[5]
92[3]
93[8]
94[9]
95[7]
96[8]
97[6]
98[7]
99[8]
100[5]
101[9]
102[8]
103[9]
104[7]
105[9]
106[10]
107[12]
108[11]
109[8]
110[10]
111[9]
112[6]
113[4]
114[6]
115[5]
116[2]
117[4]
118[3]
119[4]
120[5]
121[8]
122[7]
123[6]
124[8]
125[10]
126[9]
127[7]
1[4]
2[7]
3[6]
4[5]
5[7]
6[6]
7[3]
8[2]
9[1]
10[5]
11[6]
12[7]
13[4]
14[5]
15[3]
16[4]
17[5]
18[2]
19[0]
20[5]
21[4]
22[6]
23[7]
24[8]
25[5]
26[6]
27[7]
28[8]
29[3]
30[9]
31[11]
32[10]
33[8]
34[9]
35[7]
36[6]
37[8]
38[7]
39[5]
40[7]
41[8]
42[6]
43[10]
44[9]
46[10]
47[8]
48[9]
49[7]
50[9]
51[8]
52[10]
53[9]
54[4]
55[8]
56[7]
57[8]
58[6]
59[7]
60[9]
61[8]
62[5]
63[2]
64[7]
65[9]
66[8]
67[6]
68[5]
69[7]
70[6]
71[4]
72[5]
73[3]
74[6]
75[5]
76[6]
77[4]
78[1]
79[6]
80[7]
81[10]
82[9]
83[8]
84[5]
85[8]
86[7]
87[8]
88[9]
89[6]
90[4]
91[5]
92[3]
93[8]
94[9]
95[7]
96[8]
97[6]
98[7]
99[8]
100[5]
101[9]
102[8]
103[9]
104[7]
105[9]
106[10]
107[12]
108[11]
109[8]
110[10]
111[9]
112[6]
113[4]
114[6]
115[5]
116[2]
117[4]
118[3]
119[4]
120[5]
121[8]
122[7]
123[6]
124[8]
125[10]
126[9]
127[7]
