1[7]
2[9]
3[8]
4[6]
5[7]
6[8]
7[5]
8[7]
9[6]
10[11]
11[10]
12[11]
13[9]
14[8]
15[9]
16[7]
17[9]
18[10]
19[8]
20[4]
21[5]
22[7]
23[6]
24[8]
25[7]
26[3]
27[5]
28[6]
29[4]
30[7]
31[6]
32[5]
33[7]
34[10]
35[9]
36[10]
37[8]
38[9]
39[6]
40[7]
41[10]
42[9]
43[10]
44[8]
45[9]
46[10]
47[2]
48[6]
49[10]
50[11]
51[9]
52[8]
53[12]
54[11]
55[12]
56[10]
57[9]
58[11]
59[10]
60[11]
61[7]
62[8]
63[10]
64[9]
65[10]
66[11]
67[5]
68[11]
69[12]
70[13]
71[10]
72[13]
73[14]
74[12]
75[11]
76[9]
77[11]
78[12]
79[10]
80[12]
81[11]
82[12]
83[13]
84[15]
85[14]
86[8]
87[11]
88[12]
89[10]
90[9]
91[11]
92[10]
93[11]
94[7]
95[9]
96[10]
97[12]
98[11]
99[13]
100[12]
101[8]
102[13]
103[14]
104[12]
105[13]
106[11]
107[10]
108[11]
109[9]
110[12]
111[11]
112[12]
113[10]
114[11]
115[6]
116[9]
117[10]
118[8]
119[11]
120[10]
121[12]
122[13]
123[11]
124[12]
125[9]
126[10]
127[12]
128[15]
129[14]
130[13]
131[11]
132[16]
133[15]
134[14]
135[15]
136[13]
137[14]
138[12]
139[7]
140[11]
141[10]
142[12]
143[13]
144[11]
145[9]
146[11]
147[10]
148[11]
149[12]
150[8]
151[10]
152[9]
153[4]
154[8]
155[9]
156[7]
157[6]
158[7]
159[8]
160[9]
161[5]
162[3]
163[8]
164[7]
165[9]
166[8]
167[9]
168[13]
169[12]
170[11]
171[10]
172[6]
173[8]
174[7]
175[5]
176[4]
177[8]
178[10]
179[11]
180[12]
181[9]
182[7]
183[9]
184[8]
185[9]
186[6]
187[5]
188[9]
189[8]
190[10]
191[9]
192[10]
193[7]
194[6]
195[10]
196[13]
197[12]
198[11]
200[13]
201[12]
202[13]
203[9]
204[10]
205[11]
206[8]
207[7]
208[1]
209[7]
210[6]
211[5]
212[6]
213[7]
214[8]
215[4]
216[5]
217[8]
218[7]
219[8]
220[6]
221[7]
222[3]
223[10]
224[9]
225[8]
226[7]
227[6]
228[7]
229[9]
230[8]
231[9]
232[5]
233[7]
234[6]
235[4]
236[8]
237[10]
238[11]
239[9]
240[7]
241[9]
242[8]
243[6]
244[10]
245[12]
246[11]
247[9]
248[13]
249[12]
250[11]
251[12]
252[13]
253[10]
254[11]
255[12]
256[8]
257[9]
258[14]
259[15]
260[16]
261[17]
262[13]
263[18]
264[17]
265[16]
266[15]
267[16]
268[17]
269[14]
270[12]
271[13]
272[11]
273[12]
274[10]
275[13]
276[14]
277[15]
278[12]
279[11]
280[13]
281[12]
282[13]
283[14]
284[7]
285[12]
286[11]
287[12]
288[13]
289[14]
290[10]
291[9]
292[8]
293[10]
294[11]
295[12]
296[9]
297[10]
298[11]
299[13]
300[14]
301[12]
302[13]
303[5]
304[6]
305[2]
306[8]
307[9]
308[10]
309[12]
310[13]
311[11]
312[7]
313[6]
314[7]
315[5]
316[6]
317[10]
318[9]
319[8]
320[7]
321[4]
322[7]
323[10]
324[9]
325[10]
326[8]
327[10]
328[9]
329[11]
330[10]
331[11]
332[6]
333[8]
334[7]
335[8]
336[10]
337[11]
338[9]
339[5]
340[9]
341[8]
342[7]
343[8]
344[6]
345[7]
346[9]
347[8]
348[3]
349[7]
350[6]
351[11]
352[10]
353[9]
354[8]
355[10]
356[12]
357[11]
358[9]
359[7]
360[8]
361[10]
362[9]
363[5]
364[9]
365[8]
366[7]
367[9]
368[8]
369[11]
370[10]
371[11]
372[9]
373[6]
374[8]
375[10]
376[9]
377[10]
378[11]
379[12]
380[7]
381[13]
382[12]
383[11]
384[13]
385[12]
386[10]
387[11]
388[9]
389[10]
390[12]
391[11]
392[8]
393[10]
394[11]
395[9]
396[4]
397[6]
398[5]
399[7]
400[8]
401[6]
402[8]
403[7]
404[8]
405[0]
406[7]
407[6]
408[5]
409[4]
410[3]
411[5]
412[7]
413[6]
414[8]
415[7]
416[4]
417[11]
418[10]
419[11]
420[9]
421[8]
422[7]
423[12]
424[11]
425[13]
426[12]
427[13]
428[10]
429[11]
430[9]
431[10]
432[8]
433[6]
434[9]
435[8]
436[7]
437[5]
438[8]
439[7]
440[9]
441[10]
442[8]
443[6]
444[2]
445[6]
446[5]
447[6]
448[4]
449[11]
450[13]
451[15]
452[14]
453[12]
454[10]
455[9]
456[13]
457[12]
458[13]
459[16]
460[15]
461[16]
462[17]
463[14]
464[11]
465[10]
466[8]
467[7]
468[8]
469[11]
470[10]
471[11]
472[9]
473[6]
474[9]
475[15]
476[14]
477[13]
478[12]
479[13]
480[11]
481[10]
482[8]
483[7]
484[9]
485[8]
486[9]
487[11]
488[10]
489[5]
490[6]
491[9]
492[11]
493[10]
494[8]
495[7]
496[9]
497[8]
498[3]
499[6]
500[5]
501[6]
502[4]
503[5]
504[7]
505[8]
506[6]
507[1]
508[3]
509[4]
510[5]
511[2]
1[7]
2[9]
3[8]
4[6]
5[7]
6[8]
7[5]
8[7]
9[6]
10[11]
11[10]
12[11]
13[9]
14[8]
15[9]
16[7]
17[9]
18[10]
19[8]
20[4]
21[5]
22[7]
23[6]
24[8]
25[7]
26[3]
27[5]
28[6]
29[4]
30[7]
31[6]
32[5]
33[7]
34[10]
35[9]
36[10]
37[8]
38[9]
39[6]
40[7]
41[10]
42[9]
43[10]
44[8]
45[9]
46[10]
47[2]
48[6]
49[10]
50[11]
51[9]
52[8]
53[12]
54[11]
55[12]
56[10]
57[9]
58[11]
59[10]
60[11]
61[7]
62[8]
63[10]
64[9]
65[10]
66[11]
67[5]
68[11]
69[12]
70[13]
71[10]
72[13]
73[14]
74[12]
75[11]
76[9]
77[11]
78[12]
79[10]
80[12]
81[11]
82[12]
83[13]
84[15]
85[14]
86[8]
87[11]
88[12]
89[10]
90[9]
91[11]
92[10]
93[11]
94[7]
95[9]
96[10]
97[12]
98[11]
99[13]
100[12]
101[8]
102[13]
103[14]
104[12]
105[13]
106[11]
107[10]
108[11]
109[9]
110[12]
111[11]
112[12]
113[10]
114[11]
115[6]
116[9]
117[10]
118[8]
119[11]
120[10]
121[12]
122[13]
123[11]
124[12]
125[9]
126[10]
127[12]
128[15]
129[14]
130[13]
131[11]
132[16]
133[15]
134[14]
135[15]
136[13]
137[14]
138[12]
139[7]
140[11]
141[10]
142[12]
143[13]
144[11]
145[9]
146[11]
147[10]
148[11]
149[12]
150[8]
151[10]
152[9]
153[4]
154[8]
155[9]
156[7]
157[6]
158[7]
159[8]
160[9]
161[5]
162[3]
163[8]
164[7]
165[9]
166[8]
167[9]
168[13]
169[12]
170[11]
171[10]
172[6]
173[8]
174[7]
175[5]
176[4]
177[8]
178[10]
179[11]
180[12]
181[9]
182[7]
183[9]
184[8]
185[9]
186[6]
187[5]
188[9]
189[8]
190[10]
191[9]
192[10]
193[7]
194[6]
195[10]
196[13]
197[12]
198[11]
200[13]
201[12]
202[13]
203[9]
204[10]
205[11]
206[8]
207[7]
208[1]
209[7]
210[6]
211[5]
212[6]
213[7]
214[8]
215[4]
216[5]
217[8]
218[7]
219[8]
220[6]
221[7]
222[3]
223[10]
224[9]
225[8]
226[7]
227[6]
228[7]
229[9]
230[8]
231[9]
232[5]
233[7]
234[6]
235[4]
236[8]
237[10]
238[11]
239[9]
240[7]
241[9]
242[8]
243[6]
244[10]
245[12]
246[11]
247[9]
248[13]
249[12]
250[11]
251[12]
252[13]
253[10]
254[11]
255[12]
256[8]
257[9]
258[14]
259[15]
260[16]
261[17]
262[13]
263[18]
264[17]
265[16]
266[15]
267[16]
268[17]
269[14]
270[12]
271[13]
272[11]
273[12]
274[10]
275[13]
276[14]
277[15]
278[12]
279[11]
280[13]
281[12]
282[13]
283[14]
284[7]
285[12]
286[11]
287[12]
288[13]
289[14]
290[10]
291[9]
292[8]
293[10]
294[11]
295[12]
296[9]
297[10]
298[11]
299[13]
300[14]
301[12]
302[13]
303[5]
304[6]
305[2]
306[8]
307[9]
308[10]
309[12]
310[13]
311[11]
312[7]
313[6]
314[7]
315[5]
316[6]
317[10]
318[9]
319[8]
320[7]
321[4]
322[7]
323[10]
324[9]
325[10]
326[8]
327[10]
328[9]
329[11]
330[10]
331[11]
332[6]
333[8]
334[7]
335[8]
336[10]
337[11]
338[9]
339[5]
340[9]
341[8]
342[7]
343[8]
344[6]
345[7]
346[9]
347[8]
348[3]
349[7]
350[6]
351[11]
352[10]
353[9]
354[8]
355[10]
356[12]
357[11]
358[9]
359[7]
360[8]
361[10]
362[9]
363[5]
364[9]
365[8]
366[7]
367[9]
368[8]
369[11]
370[10]
371[11]
372[9]
373[6]
374[8]
375[10]
376[9]
377[10]
378[11]
379[12]
380[7]
381[13]
382[12]
383[11]
384[13]
385[12]
386[10]
387[11]
388[9]
389[10]
390[12]
391[11]
392[8]
393[10]
394[11]
395[9]
396[4]
397[6]
398[5]
399[7]
400[8]
401[6]
402[8]
403[7]
404[8]
405[0]
406[7]
407[6]
408[5]
409[4]
410[3]
411[5]
412[7]
413[6]
414[8]
415[7]
416[4]
417[11]
418[10]
419[11]
420[9]
421[8]
422[7]
423[12]
424[11]
425[13]
426[12]
427[13]
428[10]
429[11]
430[9]
431[10]
432[8]
433[6]
434[9]
435[8]
436[7]
437[5]
438[8]
439[7]
440[9]
441[10]
442[8]
443[6]
444[2]
445[6]
446[5]
447[6]
448[4]
449[11]
450[13]
451[15]
452[14]
453[12]
454[10]
455[9]
456[13]
457[12]
458[13]
459[16]
460[15]
461[16]
462[17]
463[14]
464[11]
465[10]
466[8]
467[7]
468[8]
469[11]
470[10]
471[11]
472[9]
473[6]
474[9]
475[15]
476[14]
477[13]
478[12]
479[13]
480[11]
481[10]
482[8]
483[7]
484[9]
485[8]
486[9]
487[11]
488[10]
489[5]
490[6]
491[9]
492[11]
493[10]
494[8]
495[7]
496[9]
497[8]
498[3]
499[6]
500[5]
501[6]
502[4]
503[5]
504[7]
505[8]
506[6]
507[1]
508[3]
509[4]
510[5]
511[2]
