2[8]
3[9]
4[7]
5[9]
6[8]
7[9]
8[6]
9[9]
10[8]
11[9]
12[7]
13[9]
14[8]
15[9]
16[5]
17[9]
18[8]
19[9]
20[7]
21[9]
22[8]
23[9]
24[6]
25[9]
26[8]
27[9]
28[7]
29[9]
30[8]
31[9]
32[4]
33[9]
34[8]
35[9]
36[7]
37[9]
38[8]
39[9]
40[6]
41[9]
42[8]
43[9]
44[7]
45[9]
46[8]
47[9]
48[5]
49[9]
50[8]
51[9]
52[7]
53[9]
54[8]
55[9]
56[6]
57[9]
58[8]
59[9]
60[7]
61[9]
62[8]
63[9]
64[3]
65[9]
66[8]
67[9]
68[7]
69[9]
70[8]
71[9]
72[6]
73[9]
74[8]
75[9]
76[7]
77[9]
78[8]
79[9]
80[5]
81[9]
82[8]
83[9]
84[7]
85[9]
86[8]
87[9]
88[6]
89[9]
90[8]
91[9]
92[7]
93[9]
94[8]
95[9]
96[4]
97[9]
98[8]
99[9]
100[7]
101[9]
102[8]
103[9]
104[6]
105[9]
106[8]
107[9]
108[7]
109[9]
110[8]
111[9]
112[5]
113[9]
114[8]
115[9]
116[7]
117[9]
118[8]
119[9]
120[6]
121[9]
122[8]
123[9]
124[7]
125[9]
126[8]
127[9]
128[2]
129[9]
130[8]
131[9]
132[7]
133[9]
134[8]
135[9]
136[6]
137[9]
138[8]
139[9]
140[7]
141[9]
142[8]
143[9]
144[5]
145[9]
146[8]
147[9]
148[7]
149[9]
150[8]
151[9]
152[6]
153[9]
154[8]
155[9]
156[7]
157[9]
158[8]
159[9]
160[4]
161[9]
162[8]
163[9]
164[7]
165[9]
166[8]
167[9]
168[6]
169[9]
170[8]
171[9]
172[7]
173[9]
174[8]
175[9]
176[5]
177[9]
178[8]
179[9]
180[7]
181[9]
182[8]
183[9]
184[6]
185[9]
186[8]
187[9]
188[7]
189[9]
190[8]
191[9]
192[3]
193[9]
194[8]
195[9]
196[7]
197[9]
198[8]
199[9]
200[6]
201[9]
202[8]
203[9]
204[7]
205[9]
206[8]
207[9]
208[5]
209[9]
210[8]
211[9]
212[7]
213[9]
214[8]
215[9]
216[6]
217[9]
218[8]
219[9]
220[7]
221[9]
222[8]
223[9]
224[4]
225[9]
226[8]
227[9]
228[7]
229[9]
230[8]
231[9]
232[6]
233[9]
234[8]
235[9]
236[7]
237[9]
238[8]
239[9]
240[5]
241[9]
242[8]
243[9]
244[7]
245[9]
246[8]
247[9]
248[6]
249[9]
250[8]
251[9]
252[7]
253[9]
254[8]
255[9]
256[1]
257[9]
258[8]
259[9]
260[7]
261[9]
262[8]
263[9]
264[6]
265[9]
266[8]
267[9]
268[7]
269[9]
270[8]
271[9]
272[5]
273[9]
274[8]
275[9]
276[7]
277[9]
278[8]
279[9]
280[6]
281[9]
282[8]
283[9]
284[7]
285[9]
286[8]
287[9]
288[4]
289[9]
290[8]
291[9]
292[7]
293[9]
294[8]
295[9]
296[6]
297[9]
298[8]
299[9]
300[7]
301[9]
302[8]
303[9]
304[5]
305[9]
306[8]
307[9]
308[7]
309[9]
310[8]
311[9]
312[6]
313[9]
314[8]
315[9]
316[7]
317[9]
318[8]
319[9]
320[3]
321[9]
322[8]
323[9]
324[7]
325[9]
326[8]
327[9]
328[6]
329[9]
330[8]
331[9]
332[7]
333[9]
334[8]
335[9]
336[5]
337[9]
338[8]
339[9]
340[7]
341[9]
342[8]
343[9]
344[6]
345[9]
346[8]
347[9]
348[7]
349[9]
350[8]
351[9]
352[4]
353[9]
354[8]
355[9]
356[7]
357[9]
358[8]
359[9]
360[6]
361[9]
362[8]
363[9]
364[7]
365[9]
366[8]
367[9]
368[5]
369[9]
370[8]
371[9]
372[7]
373[9]
374[8]
375[9]
376[6]
377[9]
378[8]
379[9]
380[7]
381[9]
382[8]
383[9]
384[2]
385[9]
386[8]
387[9]
388[7]
389[9]
390[8]
391[9]
392[6]
393[9]
394[8]
395[9]
396[7]
397[9]
398[8]
399[9]
400[5]
401[9]
402[8]
403[9]
404[7]
405[9]
406[8]
407[9]
408[6]
409[9]
410[8]
411[9]
412[7]
413[9]
414[8]
415[9]
416[4]
417[9]
418[8]
419[9]
420[7]
421[9]
422[8]
423[9]
424[6]
425[9]
426[8]
427[9]
428[7]
429[9]
430[8]
431[9]
432[5]
433[9]
434[8]
435[9]
436[7]
437[9]
438[8]
439[9]
440[6]
441[9]
442[8]
443[9]
444[7]
445[9]
446[8]
447[9]
448[3]
449[9]
450[8]
451[9]
452[7]
453[9]
454[8]
455[9]
456[6]
457[9]
458[8]
459[9]
460[7]
461[9]
462[8]
463[9]
464[5]
465[9]
466[8]
467[9]
468[7]
469[9]
470[8]
471[9]
472[6]
473[9]
474[8]
475[9]
476[7]
477[9]
478[8]
479[9]
480[4]
481[9]
482[8]
483[9]
484[7]
485[9]
486[8]
487[9]
488[6]
489[9]
490[8]
491[9]
492[7]
493[9]
494[8]
495[9]
496[5]
497[9]
498[8]
499[9]
500[7]
501[9]
502[8]
503[9]
504[6]
505[9]
506[8]
507[9]
508[7]
509[9]
510[8]
511[9]
512[0]
513[9]
514[8]
515[9]
516[7]
517[9]
518[8]
519[9]
520[6]
521[9]
522[8]
523[9]
524[7]
525[9]
526[8]
527[9]
528[5]
529[9]
530[8]
531[9]
532[7]
533[9]
534[8]
535[9]
536[6]
537[9]
538[8]
539[9]
540[7]
541[9]
542[8]
543[9]
544[4]
545[9]
546[8]
547[9]
548[7]
549[9]
550[8]
551[9]
552[6]
553[9]
554[8]
555[9]
556[7]
557[9]
558[8]
559[9]
560[5]
561[9]
562[8]
563[9]
564[7]
565[9]
566[8]
567[9]
568[6]
569[9]
570[8]
571[9]
572[7]
573[9]
574[8]
575[9]
576[3]
577[9]
578[8]
579[9]
580[7]
581[9]
582[8]
583[9]
584[6]
585[9]
586[8]
587[9]
588[7]
589[9]
590[8]
591[9]
592[5]
593[9]
594[8]
595[9]
596[7]
597[9]
598[8]
599[9]
600[6]
601[9]
602[8]
603[9]
604[7]
605[9]
606[8]
607[9]
608[4]
609[9]
610[8]
611[9]
612[7]
613[9]
614[8]
615[9]
616[6]
617[9]
618[8]
619[9]
620[7]
621[9]
622[8]
623[9]
624[5]
625[9]
626[8]
627[9]
628[7]
629[9]
630[8]
631[9]
632[6]
633[9]
634[8]
635[9]
636[7]
637[9]
638[8]
639[9]
640[2]
641[9]
642[8]
643[9]
644[7]
645[9]
646[8]
647[9]
648[6]
649[9]
650[8]
651[9]
652[7]
653[9]
654[8]
655[9]
656[5]
657[9]
658[8]
659[9]
660[7]
661[9]
662[8]
663[9]
664[6]
665[9]
666[8]
667[9]
668[7]
669[9]
670[8]
671[9]
672[4]
673[9]
674[8]
675[9]
676[7]
677[9]
678[8]
679[9]
680[6]
681[9]
682[8]
683[9]
684[7]
685[9]
686[8]
687[9]
688[5]
689[9]
690[8]
691[9]
692[7]
693[9]
694[8]
695[9]
696[6]
697[9]
698[8]
699[9]
700[7]
701[9]
702[8]
703[9]
704[3]
705[9]
706[8]
707[9]
708[7]
709[9]
710[8]
711[9]
712[6]
713[9]
714[8]
715[9]
716[7]
717[9]
718[8]
719[9]
720[5]
721[9]
722[8]
723[9]
724[7]
725[9]
726[8]
727[9]
728[6]
729[9]
730[8]
731[9]
732[7]
733[9]
734[8]
735[9]
736[4]
737[9]
738[8]
739[9]
740[7]
741[9]
742[8]
743[9]
744[6]
745[9]
746[8]
747[9]
748[7]
749[9]
750[8]
751[9]
752[5]
753[9]
754[8]
755[9]
756[7]
757[9]
758[8]
759[9]
760[6]
761[9]
762[8]
763[9]
764[7]
765[9]
766[8]
767[9]
768[1]
769[9]
770[8]
771[9]
772[7]
773[9]
774[8]
775[9]
776[6]
777[9]
778[8]
779[9]
780[7]
781[9]
782[8]
783[9]
784[5]
785[9]
786[8]
787[9]
788[7]
789[9]
790[8]
791[9]
792[6]
793[9]
794[8]
795[9]
796[7]
797[9]
798[8]
799[9]
800[4]
801[9]
802[8]
803[9]
804[7]
805[9]
806[8]
807[9]
808[6]
809[9]
810[8]
811[9]
812[7]
813[9]
814[8]
815[9]
816[5]
817[9]
818[8]
819[9]
820[7]
821[9]
822[8]
823[9]
824[6]
825[9]
826[8]
827[9]
828[7]
829[9]
830[8]
831[9]
832[3]
833[9]
834[8]
835[9]
836[7]
837[9]
838[8]
839[9]
840[6]
841[9]
842[8]
843[9]
844[7]
845[9]
846[8]
847[9]
848[5]
849[9]
850[8]
851[9]
852[7]
853[9]
854[8]
855[9]
856[6]
857[9]
858[8]
859[9]
860[7]
861[9]
862[8]
863[9]
864[4]
865[9]
866[8]
867[9]
868[7]
869[9]
870[8]
871[9]
872[6]
873[9]
874[8]
875[9]
876[7]
877[9]
878[8]
879[9]
880[5]
881[9]
882[8]
883[9]
884[7]
885[9]
886[8]
887[9]
888[6]
889[9]
890[8]
891[9]
892[7]
893[9]
894[8]
895[9]
896[2]
897[9]
898[8]
899[9]
900[7]
901[9]
902[8]
903[9]
904[6]
905[9]
906[8]
907[9]
908[7]
909[9]
910[8]
911[9]
912[5]
913[9]
914[8]
915[9]
916[7]
917[9]
918[8]
919[9]
920[6]
921[9]
922[8]
923[9]
924[7]
925[9]
926[8]
927[9]
928[4]
929[9]
930[8]
931[9]
932[7]
933[9]
934[8]
935[9]
936[6]
937[9]
938[8]
939[9]
940[7]
941[9]
942[8]
943[9]
944[5]
945[9]
946[8]
947[9]
948[7]
949[9]
950[8]
951[9]
952[6]
953[9]
954[8]
955[9]
956[7]
957[9]
958[8]
959[9]
960[3]
961[9]
962[8]
963[9]
964[7]
965[9]
966[8]
967[9]
968[6]
969[9]
970[8]
971[9]
972[7]
973[9]
974[8]
975[9]
976[5]
977[9]
978[8]
979[9]
980[7]
981[9]
982[8]
983[9]
984[6]
985[9]
986[8]
987[9]
988[7]
989[9]
990[8]
991[9]
992[4]
993[9]
994[8]
995[9]
996[7]
997[9]
998[8]
999[9]
1000[6]
1001[9]
1002[8]
1003[9]
1004[7]
1005[9]
1006[8]
1007[9]
1008[5]
1009[9]
1010[8]
1011[9]
1012[7]
1013[9]
1014[8]
1015[9]
1016[6]
1017[9]
1018[8]
1019[9]
1020[7]
1021[9]
1022[8]
1023[9]
2[8]
3[9]
4[7]
5[9]
6[8]
7[9]
8[6]
9[9]
10[8]
11[9]
12[7]
13[9]
14[8]
15[9]
16[5]
17[9]
18[8]
19[9]
20[7]
21[9]
22[8]
23[9]
24[6]
25[9]
26[8]
27[9]
28[7]
29[9]
30[8]
31[9]
32[4]
33[9]
34[8]
35[9]
36[7]
37[9]
38[8]
39[9]
40[6]
41[9]
42[8]
43[9]
44[7]
45[9]
46[8]
47[9]
48[5]
49[9]
50[8]
51[9]
52[7]
53[9]
54[8]
55[9]
56[6]
57[9]
58[8]
59[9]
60[7]
61[9]
62[8]
63[9]
64[3]
65[9]
66[8]
67[9]
68[7]
69[9]
70[8]
71[9]
72[6]
73[9]
74[8]
75[9]
76[7]
77[9]
78[8]
79[9]
80[5]
81[9]
82[8]
83[9]
84[7]
85[9]
86[8]
87[9]
88[6]
89[9]
90[8]
91[9]
92[7]
93[9]
94[8]
95[9]
96[4]
97[9]
98[8]
99[9]
100[7]
101[9]
102[8]
103[9]
104[6]
105[9]
106[8]
107[9]
108[7]
109[9]
110[8]
111[9]
112[5]
113[9]
114[8]
115[9]
116[7]
117[9]
118[8]
119[9]
120[6]
121[9]
122[8]
123[9]
124[7]
125[9]
126[8]
127[9]
128[2]
129[9]
130[8]
131[9]
132[7]
133[9]
134[8]
135[9]
136[6]
137[9]
138[8]
139[9]
140[7]
141[9]
142[8]
143[9]
144[5]
145[9]
146[8]
147[9]
148[7]
149[9]
150[8]
151[9]
152[6]
153[9]
154[8]
155[9]
156[7]
157[9]
158[8]
159[9]
160[4]
161[9]
162[8]
163[9]
164[7]
165[9]
166[8]
167[9]
168[6]
169[9]
170[8]
171[9]
172[7]
173[9]
174[8]
175[9]
176[5]
177[9]
178[8]
179[9]
180[7]
181[9]
182[8]
183[9]
184[6]
185[9]
186[8]
187[9]
188[7]
189[9]
190[8]
191[9]
192[3]
193[9]
194[8]
195[9]
196[7]
197[9]
198[8]
199[9]
200[6]
201[9]
202[8]
203[9]
204[7]
205[9]
206[8]
207[9]
208[5]
209[9]
210[8]
211[9]
212[7]
213[9]
214[8]
215[9]
216[6]
217[9]
218[8]
219[9]
220[7]
221[9]
222[8]
223[9]
224[4]
225[9]
226[8]
227[9]
228[7]
229[9]
230[8]
231[9]
232[6]
233[9]
234[8]
235[9]
236[7]
237[9]
238[8]
239[9]
240[5]
241[9]
242[8]
243[9]
244[7]
245[9]
246[8]
247[9]
248[6]
249[9]
250[8]
251[9]
252[7]
253[9]
254[8]
255[9]
256[1]
257[9]
258[8]
259[9]
260[7]
261[9]
262[8]
263[9]
264[6]
265[9]
266[8]
267[9]
268[7]
269[9]
270[8]
271[9]
272[5]
273[9]
274[8]
275[9]
276[7]
277[9]
278[8]
279[9]
280[6]
281[9]
282[8]
283[9]
284[7]
285[9]
286[8]
287[9]
288[4]
289[9]
290[8]
291[9]
292[7]
293[9]
294[8]
295[9]
296[6]
297[9]
298[8]
299[9]
300[7]
301[9]
302[8]
303[9]
304[5]
305[9]
306[8]
307[9]
308[7]
309[9]
310[8]
311[9]
312[6]
313[9]
314[8]
315[9]
316[7]
317[9]
318[8]
319[9]
320[3]
321[9]
322[8]
323[9]
324[7]
325[9]
326[8]
327[9]
328[6]
329[9]
330[8]
331[9]
332[7]
333[9]
334[8]
335[9]
336[5]
337[9]
338[8]
339[9]
340[7]
341[9]
342[8]
343[9]
344[6]
345[9]
346[8]
347[9]
348[7]
349[9]
350[8]
351[9]
352[4]
353[9]
354[8]
355[9]
356[7]
357[9]
358[8]
359[9]
360[6]
361[9]
362[8]
363[9]
364[7]
365[9]
366[8]
367[9]
368[5]
369[9]
370[8]
371[9]
372[7]
373[9]
374[8]
375[9]
376[6]
377[9]
378[8]
379[9]
380[7]
381[9]
382[8]
383[9]
384[2]
385[9]
386[8]
387[9]
388[7]
389[9]
390[8]
391[9]
392[6]
393[9]
394[8]
395[9]
396[7]
397[9]
398[8]
399[9]
400[5]
401[9]
402[8]
403[9]
404[7]
405[9]
406[8]
407[9]
408[6]
409[9]
410[8]
411[9]
412[7]
413[9]
414[8]
415[9]
416[4]
417[9]
418[8]
419[9]
420[7]
421[9]
422[8]
423[9]
424[6]
425[9]
426[8]
427[9]
428[7]
429[9]
430[8]
431[9]
432[5]
433[9]
434[8]
435[9]
436[7]
437[9]
438[8]
439[9]
440[6]
441[9]
442[8]
443[9]
444[7]
445[9]
446[8]
447[9]
448[3]
449[9]
450[8]
451[9]
452[7]
453[9]
454[8]
455[9]
456[6]
457[9]
458[8]
459[9]
460[7]
461[9]
462[8]
463[9]
464[5]
465[9]
466[8]
467[9]
468[7]
469[9]
470[8]
471[9]
472[6]
473[9]
474[8]
475[9]
476[7]
477[9]
478[8]
479[9]
480[4]
481[9]
482[8]
483[9]
484[7]
485[9]
486[8]
487[9]
488[6]
489[9]
490[8]
491[9]
492[7]
493[9]
494[8]
495[9]
496[5]
497[9]
498[8]
499[9]
500[7]
501[9]
502[8]
503[9]
504[6]
505[9]
506[8]
507[9]
508[7]
509[9]
510[8]
511[9]
512[0]
513[9]
514[8]
515[9]
516[7]
517[9]
518[8]
519[9]
520[6]
521[9]
522[8]
523[9]
524[7]
525[9]
526[8]
527[9]
528[5]
529[9]
530[8]
531[9]
532[7]
533[9]
534[8]
535[9]
536[6]
537[9]
538[8]
539[9]
540[7]
541[9]
542[8]
543[9]
544[4]
545[9]
546[8]
547[9]
548[7]
549[9]
550[8]
551[9]
552[6]
553[9]
554[8]
555[9]
556[7]
557[9]
558[8]
559[9]
560[5]
561[9]
562[8]
563[9]
564[7]
565[9]
566[8]
567[9]
568[6]
569[9]
570[8]
571[9]
572[7]
573[9]
574[8]
575[9]
576[3]
577[9]
578[8]
579[9]
580[7]
581[9]
582[8]
583[9]
584[6]
585[9]
586[8]
587[9]
588[7]
589[9]
590[8]
591[9]
592[5]
593[9]
594[8]
595[9]
596[7]
597[9]
598[8]
599[9]
600[6]
601[9]
602[8]
603[9]
604[7]
605[9]
606[8]
607[9]
608[4]
609[9]
610[8]
611[9]
612[7]
613[9]
614[8]
615[9]
616[6]
617[9]
618[8]
619[9]
620[7]
621[9]
622[8]
623[9]
624[5]
625[9]
626[8]
627[9]
628[7]
629[9]
630[8]
631[9]
632[6]
633[9]
634[8]
635[9]
636[7]
637[9]
638[8]
639[9]
640[2]
641[9]
642[8]
643[9]
644[7]
645[9]
646[8]
647[9]
648[6]
649[9]
650[8]
651[9]
652[7]
653[9]
654[8]
655[9]
656[5]
657[9]
658[8]
659[9]
660[7]
661[9]
662[8]
663[9]
664[6]
665[9]
666[8]
667[9]
668[7]
669[9]
670[8]
671[9]
672[4]
673[9]
674[8]
675[9]
676[7]
677[9]
678[8]
679[9]
680[6]
681[9]
682[8]
683[9]
684[7]
685[9]
686[8]
687[9]
688[5]
689[9]
690[8]
691[9]
692[7]
693[9]
694[8]
695[9]
696[6]
697[9]
698[8]
699[9]
700[7]
701[9]
702[8]
703[9]
704[3]
705[9]
706[8]
707[9]
708[7]
709[9]
710[8]
711[9]
712[6]
713[9]
714[8]
715[9]
716[7]
717[9]
718[8]
719[9]
720[5]
721[9]
722[8]
723[9]
724[7]
725[9]
726[8]
727[9]
728[6]
729[9]
730[8]
731[9]
732[7]
733[9]
734[8]
735[9]
736[4]
737[9]
738[8]
739[9]
740[7]
741[9]
742[8]
743[9]
744[6]
745[9]
746[8]
747[9]
748[7]
749[9]
750[8]
751[9]
752[5]
753[9]
754[8]
755[9]
756[7]
757[9]
758[8]
759[9]
760[6]
761[9]
762[8]
763[9]
764[7]
765[9]
766[8]
767[9]
768[1]
769[9]
770[8]
771[9]
772[7]
773[9]
774[8]
775[9]
776[6]
777[9]
778[8]
779[9]
780[7]
781[9]
782[8]
783[9]
784[5]
785[9]
786[8]
787[9]
788[7]
789[9]
790[8]
791[9]
792[6]
793[9]
794[8]
795[9]
796[7]
797[9]
798[8]
799[9]
800[4]
801[9]
802[8]
803[9]
804[7]
805[9]
806[8]
807[9]
808[6]
809[9]
810[8]
811[9]
812[7]
813[9]
814[8]
815[9]
816[5]
817[9]
818[8]
819[9]
820[7]
821[9]
822[8]
823[9]
824[6]
825[9]
826[8]
827[9]
828[7]
829[9]
830[8]
831[9]
832[3]
833[9]
834[8]
835[9]
836[7]
837[9]
838[8]
839[9]
840[6]
841[9]
842[8]
843[9]
844[7]
845[9]
846[8]
847[9]
848[5]
849[9]
850[8]
851[9]
852[7]
853[9]
854[8]
855[9]
856[6]
857[9]
858[8]
859[9]
860[7]
861[9]
862[8]
863[9]
864[4]
865[9]
866[8]
867[9]
868[7]
869[9]
870[8]
871[9]
872[6]
873[9]
874[8]
875[9]
876[7]
877[9]
878[8]
879[9]
880[5]
881[9]
882[8]
883[9]
884[7]
885[9]
886[8]
887[9]
888[6]
889[9]
890[8]
891[9]
892[7]
893[9]
894[8]
895[9]
896[2]
897[9]
898[8]
899[9]
900[7]
901[9]
902[8]
903[9]
904[6]
905[9]
906[8]
907[9]
908[7]
909[9]
910[8]
911[9]
912[5]
913[9]
914[8]
915[9]
916[7]
917[9]
918[8]
919[9]
920[6]
921[9]
922[8]
923[9]
924[7]
925[9]
926[8]
927[9]
928[4]
929[9]
930[8]
931[9]
932[7]
933[9]
934[8]
935[9]
936[6]
937[9]
938[8]
939[9]
940[7]
941[9]
942[8]
943[9]
944[5]
945[9]
946[8]
947[9]
948[7]
949[9]
950[8]
951[9]
952[6]
953[9]
954[8]
955[9]
956[7]
957[9]
958[8]
959[9]
960[3]
961[9]
962[8]
963[9]
964[7]
965[9]
966[8]
967[9]
968[6]
969[9]
970[8]
971[9]
972[7]
973[9]
974[8]
975[9]
976[5]
977[9]
978[8]
979[9]
980[7]
981[9]
982[8]
983[9]
984[6]
985[9]
986[8]
987[9]
988[7]
989[9]
990[8]
991[9]
992[4]
993[9]
994[8]
995[9]
996[7]
997[9]
998[8]
999[9]
1000[6]
1001[9]
1002[8]
1003[9]
1004[7]
1005[9]
1006[8]
1007[9]
1008[5]
1009[9]
1010[8]
1011[9]
1012[7]
1013[9]
1014[8]
1015[9]
1016[6]
1017[9]
1018[8]
1019[9]
1020[7]
1021[9]
1022[8]
1023[9]
