1[10]
2[9]
3[10]
4[14]
5[13]
6[12]
7[11]
8[8]
9[7]
10[10]
11[9]
12[11]
13[10]
14[8]
15[6]
16[9]
17[10]
18[8]
19[10]
20[9]
21[10]
22[7]
23[9]
24[10]
25[13]
26[14]
27[12]
28[11]
29[12]
30[8]
31[14]
32[13]
33[12]
34[11]
35[12]
36[13]
37[10]
38[12]
39[13]
40[14]
41[11]
42[14]
43[13]
44[14]
45[15]
46[12]
47[9]
48[11]
49[12]
50[10]
51[12]
52[11]
53[12]
54[5]
55[8]
56[7]
57[10]
58[9]
59[8]
60[10]
61[9]
62[10]
63[6]
64[4]
65[11]
66[12]
67[10]
68[11]
69[9]
70[10]
71[11]
72[8]
73[9]
74[10]
75[7]
76[9]
77[10]
78[11]
79[8]
80[6]
81[9]
82[10]
83[11]
84[8]
85[11]
86[10]
87[11]
88[9]
89[10]
90[11]
91[13]
92[14]
93[12]
94[13]
95[7]
96[8]
97[9]
98[5]
99[11]
100[10]
101[11]
102[9]
103[14]
104[13]
105[12]
106[11]
107[14]
108[13]
109[14]
110[15]
111[12]
112[14]
113[15]
114[13]
115[10]
116[14]
117[13]
118[14]
119[19]
120[18]
121[19]
122[17]
123[18]
124[19]
125[16]
126[15]
127[18]
128[17]
129[16]
130[22]
131[23]
132[21]
133[20]
134[19]
135[18]
136[20]
137[19]
138[17]
139[18]
140[12]
141[17]
142[16]
143[17]
144[15]
145[14]
146[13]
147[11]
148[15]
149[14]
150[15]
151[13]
152[14]
153[12]
154[16]
155[18]
156[19]
157[17]
158[15]
159[18]
160[19]
161[17]
162[16]
163[18]
164[17]
165[18]
166[14]
167[17]
168[16]
169[15]
170[17]
171[16]
172[13]
173[14]
174[8]
175[12]
176[14]
177[13]
178[11]
179[15]
180[14]
181[15]
182[13]
183[14]
184[12]
185[10]
186[12]
187[11]
188[12]
189[9]
190[12]
191[11]
192[10]
193[11]
194[12]
195[13]
196[7]
197[11]
198[13]
199[12]
200[14]
201[13]
202[15]
203[14]
204[15]
205[10]
206[14]
207[13]
208[12]
209[11]
210[13]
211[14]
212[12]
213[13]
214[16]
215[15]
216[16]
217[14]
218[9]
219[10]
220[13]
221[12]
222[13]
223[14]
224[11]
225[12]
226[8]
227[9]
228[6]
229[8]
230[9]
231[11]
232[12]
233[10]
234[7]
235[13]
236[12]
237[13]
238[11]
239[13]
240[16]
241[15]
242[14]
243[15]
244[12]
245[13]
246[10]
247[11]
248[15]
249[14]
250[15]
251[13]
252[16]
253[15]
254[16]
255[14]
256[16]
257[15]
258[12]
259[15]
260[16]
261[14]
262[13]
263[19]
264[18]
265[17]
266[18]
267[16]
268[17]
269[15]
270[17]
271[16]
272[17]
273[14]
274[9]
275[12]
276[13]
277[11]
278[14]
279[15]
280[13]
281[12]
282[14]
283[15]
284[13]
285[14]
286[10]
287[14]
288[13]
289[12]
290[14]
291[15]
292[13]
293[15]
294[14]
295[11]
296[14]
297[13]
298[12]
299[13]
300[8]
301[11]
302[10]
303[9]
304[3]
305[5]
306[6]
307[4]
308[5]
309[8]
310[7]
311[6]
312[10]
313[11]
314[12]
315[13]
316[9]
317[10]
318[11]
319[8]
320[10]
321[9]
322[7]
323[9]
324[8]
325[2]
326[12]
327[11]
328[12]
329[10]
330[11]
331[9]
332[10]
333[11]
334[14]
335[13]
336[12]
337[13]
338[8]
339[10]
340[12]
341[11]
342[9]
343[12]
344[14]
345[13]
346[11]
347[13]
348[12]
349[13]
350[10]
351[12]
352[11]
353[13]
354[12]
355[7]
356[9]
357[13]
358[12]
359[11]
360[12]
361[10]
362[8]
363[9]
364[11]
365[12]
366[10]
367[11]
368[6]
369[11]
370[10]
371[13]
372[12]
373[11]
374[12]
375[9]
376[12]
377[11]
378[13]
379[14]
380[15]
381[16]
382[12]
383[14]
384[13]
385[14]
386[10]
387[8]
388[16]
389[15]
390[16]
391[14]
392[13]
393[14]
394[12]
395[14]
396[17]
397[16]
398[15]
399[16]
400[13]
401[14]
402[11]
403[12]
404[10]
405[14]
406[13]
407[12]
408[15]
409[14]
410[13]
411[14]
412[11]
413[12]
414[9]
415[10]
416[7]
417[9]
418[12]
419[11]
420[10]
421[8]
422[9]
423[11]
424[10]
425[5]
426[9]
427[10]
428[8]
429[7]
430[10]
431[12]
432[11]
433[9]
434[10]
435[8]
436[9]
437[10]
438[6]
439[8]
440[9]
441[10]
442[7]
443[10]
444[9]
445[12]
446[11]
447[10]
448[13]
449[12]
450[13]
451[11]
452[8]
453[11]
454[10]
455[14]
456[15]
457[13]
458[12]
459[11]
460[9]
461[4]
462[5]
463[8]
464[7]
465[6]
466[3]
467[7]
468[8]
469[9]
470[6]
471[9]
472[8]
473[7]
474[8]
475[9]
476[11]
477[10]
478[11]
479[5]
480[8]
481[9]
482[7]
483[9]
484[8]
485[6]
486[9]
487[8]
488[10]
489[12]
490[11]
491[13]
492[12]
493[9]
494[16]
495[15]
496[14]
497[16]
498[15]
499[16]
500[13]
501[18]
502[19]
503[17]
504[16]
505[17]
506[18]
507[19]
508[15]
509[16]
510[17]
511[19]
512[18]
513[14]
514[15]
515[17]
516[18]
517[16]
518[12]
519[15]
520[16]
521[17]
522[14]
523[17]
524[16]
525[15]
526[17]
527[18]
528[16]
529[13]
530[14]
531[15]
532[16]
533[17]
534[11]
535[10]
536[11]
537[14]
538[15]
539[13]
540[12]
541[7]
542[8]
543[11]
544[10]
545[9]
546[10]
547[13]
548[12]
549[11]
550[13]
551[14]
552[15]
553[12]
554[15]
555[14]
556[15]
557[13]
558[4]
559[13]
560[14]
561[12]
562[11]
563[13]
564[15]
565[14]
566[15]
567[12]
568[13]
569[14]
570[15]
571[10]
572[13]
573[12]
574[11]
575[13]
576[12]
577[9]
578[10]
579[11]
580[14]
581[15]
582[13]
583[12]
584[8]
585[13]
586[14]
587[15]
588[12]
589[11]
590[13]
591[14]
592[12]
593[14]
594[13]
595[10]
596[12]
597[11]
598[12]
599[13]
600[9]
601[12]
602[11]
603[10]
604[7]
605[16]
606[17]
607[15]
608[16]
609[17]
610[14]
611[15]
612[13]
613[12]
614[14]
615[15]
616[13]
617[14]
618[11]
619[15]
620[16]
621[14]
622[13]
623[12]
624[10]
625[13]
626[12]
627[11]
628[9]
629[14]
630[13]
631[15]
632[14]
633[12]
634[13]
635[14]
636[11]
637[13]
638[12]
639[10]
640[13]
641[12]
642[11]
643[15]
644[14]
645[13]
646[15]
647[14]
648[12]
649[14]
650[16]
651[15]
652[17]
653[16]
654[18]
655[17]
656[18]
657[13]
658[14]
659[15]
660[8]
661[10]
662[9]
663[11]
664[13]
665[12]
666[10]
667[6]
668[7]
669[8]
670[9]
671[10]
672[5]
673[7]
674[8]
675[6]
676[9]
677[11]
678[10]
679[11]
680[8]
681[10]
682[12]
683[15]
684[16]
685[14]
686[16]
687[18]
688[17]
689[15]
690[13]
691[14]
692[15]
693[11]
694[14]
695[16]
696[15]
697[16]
698[17]
699[13]
700[14]
701[15]
702[16]
703[12]
704[13]
705[15]
706[14]
707[9]
708[10]
709[7]
710[12]
711[11]
712[10]
713[11]
714[9]
715[10]
716[12]
717[11]
718[8]
719[11]
720[10]
721[14]
722[15]
723[13]
724[12]
725[11]
726[9]
727[11]
728[10]
729[11]
730[14]
731[13]
732[14]
733[12]
734[13]
735[14]
736[15]
737[1]
738[7]
739[9]
740[8]
741[6]
742[8]
743[9]
744[7]
745[10]
746[9]
747[8]
748[9]
749[5]
750[7]
751[9]
752[10]
753[13]
754[12]
755[11]
756[12]
757[8]
758[6]
759[10]
760[11]
761[12]
762[9]
763[12]
764[11]
765[12]
766[10]
767[8]
768[10]
769[9]
770[10]
771[7]
772[10]
773[16]
774[15]
775[14]
776[15]
777[13]
778[14]
779[12]
780[13]
781[11]
782[9]
783[12]
784[11]
785[12]
786[10]
787[12]
788[11]
789[8]
790[9]
791[15]
792[18]
793[17]
794[16]
795[18]
796[19]
797[17]
798[14]
799[16]
800[15]
801[18]
802[17]
803[16]
804[17]
805[13]
806[17]
807[16]
808[17]
809[15]
810[14]
811[12]
812[14]
813[13]
814[15]
815[14]
816[11]
817[10]
818[11]
819[15]
820[14]
821[16]
822[15]
823[13]
824[14]
825[12]
826[4]
827[5]
828[7]
829[8]
830[6]
831[7]
832[9]
833[8]
834[9]
835[3]
836[7]
837[6]
838[8]
839[7]
840[10]
841[9]
842[10]
843[8]
844[5]
845[8]
846[7]
847[6]
848[7]
849[8]
850[4]
851[6]
852[7]
853[8]
854[5]
855[6]
856[2]
857[5]
858[7]
859[6]
860[4]
861[9]
862[8]
863[7]
864[6]
865[10]
866[9]
867[8]
868[9]
869[10]
870[7]
871[9]
872[8]
873[11]
874[10]
875[11]
876[12]
877[9]
878[14]
879[13]
880[12]
881[13]
882[11]
883[10]
884[5]
885[10]
886[9]
887[11]
888[10]
889[11]
890[12]
891[8]
892[7]
893[8]
894[6]
895[7]
896[3]
897[9]
898[11]
899[10]
900[8]
901[9]
902[7]
903[8]
904[6]
905[8]
906[7]
907[5]
908[8]
909[7]
910[6]
911[7]
912[8]
913[4]
914[6]
915[7]
916[5]
917[6]
918[7]
919[0]
920[5]
921[4]
922[3]
923[2]
924[9]
925[8]
926[7]
927[6]
928[5]
929[7]
930[6]
931[7]
932[4]
933[7]
934[8]
935[9]
936[10]
937[6]
938[8]
939[7]
940[5]
941[9]
942[8]
943[9]
944[7]
945[6]
946[7]
947[3]
948[6]
949[5]
950[4]
951[5]
952[1]
953[4]
954[3]
955[5]
956[4]
957[7]
958[6]
959[5]
960[6]
961[2]
962[7]
963[8]
964[6]
965[7]
966[5]
967[8]
968[9]
969[7]
970[8]
971[6]
972[8]
973[7]
974[10]
975[9]
976[10]
977[8]
978[4]
979[7]
980[8]
981[6]
983[7]
984[8]
985[5]
986[6]
987[3]
988[6]
989[8]
990[9]
991[7]
992[8]
993[5]
994[4]
995[8]
996[7]
997[9]
998[8]
999[10]
1000[12]
1001[11]
1002[12]
1003[9]
1004[6]
1005[5]
1006[10]
1007[9]
1008[8]
1009[7]
1010[8]
1011[6]
1012[10]
1013[11]
1014[9]
1015[10]
1016[11]
1017[8]
1018[10]
1019[11]
1020[9]
1021[11]
1022[10]
1023[7]
