1[6]
2[5]
3[6]
4[4]
5[9]
6[11]
7[10]
8[8]
9[7]
10[10]
11[9]
12[8]
13[6]
14[9]
15[10]
16[12]
17[13]
18[14]
19[11]
20[12]
21[13]
22[8]
23[9]
24[7]
25[11]
26[10]
27[11]
28[9]
29[11]
30[10]
31[11]
32[8]
33[10]
34[12]
35[11]
36[13]
37[12]
38[9]
39[12]
40[11]
41[10]
42[11]
43[5]
44[8]
45[9]
46[11]
47[10]
48[7]
49[11]
50[10]
51[9]
52[10]
53[11]
54[8]
55[9]
56[6]
57[9]
58[8]
59[7]
60[10]
61[9]
62[8]
63[10]
64[9]
65[11]
66[10]
67[3]
68[5]
69[6]
70[4]
71[2]
72[7]
73[8]
74[10]
75[9]
76[10]
77[6]
78[7]
79[5]
80[8]
81[7]
82[6]
83[8]
84[7]
85[4]
86[7]
87[8]
88[6]
89[7]
90[8]
91[5]
92[11]
93[10]
94[11]
95[9]
96[11]
97[10]
98[8]
99[9]
100[7]
101[12]
102[11]
103[13]
104[14]
105[12]
106[10]
107[12]
108[13]
109[11]
110[13]
111[14]
113[12]
114[9]
115[10]
116[11]
117[12]
118[8]
119[11]
120[10]
121[9]
122[11]
123[13]
124[12]
125[10]
126[11]
127[6]
128[7]
129[9]
130[8]
131[3]
132[8]
133[9]
134[7]
135[10]
136[11]
137[9]
138[11]
139[10]
140[8]
141[11]
142[10]
143[9]
144[10]
145[12]
146[13]
147[11]
148[6]
149[8]
150[9]
151[10]
152[7]
153[8]
154[5]
155[7]
156[8]
157[6]
158[8]
159[7]
160[10]
161[9]
162[10]
163[11]
164[12]
165[8]
166[4]
167[12]
168[11]
169[10]
170[12]
171[13]
172[11]
173[9]
174[10]
175[11]
176[8]
177[7]
178[10]
179[9]
180[10]
181[12]
182[11]
183[8]
184[12]
185[11]
186[13]
187[12]
188[15]
189[14]
190[15]
191[16]
192[13]
193[15]
194[14]
195[15]
196[16]
197[10]
198[14]
199[13]
200[12]
201[16]
202[15]
203[14]
204[13]
205[11]
206[9]
207[12]
208[11]
209[13]
210[12]
211[10]
212[6]
213[9]
214[10]
215[11]
216[13]
217[12]
218[8]
219[9]
220[10]
221[7]
222[12]
223[14]
224[15]
225[13]
226[11]
227[12]
228[13]
229[14]
230[10]
231[11]
232[13]
233[12]
234[9]
235[17]
236[16]
237[15]
238[17]
239[18]
240[16]
241[14]
242[16]
243[15]
244[18]
245[17]
246[18]
247[16]
248[17]
249[13]
250[15]
251[14]
252[12]
253[13]
254[11]
255[12]
256[16]
257[17]
258[15]
259[19]
260[18]
261[17]
262[18]
263[16]
264[14]
265[15]
266[13]
267[10]
268[11]
269[8]
270[9]
271[11]
272[12]
273[10]
274[5]
275[6]
276[9]
277[8]
278[7]
279[10]
280[9]
281[8]
282[9]
283[1]
284[8]
285[7]
286[11]
287[12]
288[10]
289[11]
290[9]
291[11]
292[10]
293[8]
294[9]
295[11]
296[10]
297[13]
298[12]
299[13]
300[16]
301[15]
302[14]
303[11]
304[13]
305[14]
306[15]
307[12]
308[6]
309[9]
310[8]
311[9]
312[10]
313[7]
314[8]
315[9]
316[5]
317[4]
318[11]
319[10]
320[13]
321[12]
322[15]
323[16]
324[14]
325[13]
326[11]
327[9]
328[8]
329[9]
330[10]
331[7]
332[8]
333[10]
334[11]
335[9]
336[12]
337[11]
338[10]
339[12]
340[14]
341[13]
342[11]
343[6]
344[9]
345[11]
346[10]
347[8]
348[9]
349[7]
350[5]
351[12]
352[11]
353[12]
354[10]
355[13]
356[12]
357[11]
358[9]
359[10]
360[8]
361[10]
362[9]
363[10]
364[7]
365[6]
366[9]
367[10]
368[8]
369[10]
370[9]
371[12]
372[11]
373[13]
374[12]
375[10]
376[15]
377[14]
378[13]
379[12]
380[11]
381[14]
382[15]
383[13]
384[14]
385[12]
386[13]
387[14]
388[7]
389[10]
390[13]
391[12]
392[11]
393[12]
394[9]
395[10]
396[8]
397[9]
398[12]
399[11]
400[10]
401[3]
402[10]
403[12]
404[13]
405[11]
406[9]
407[10]
408[11]
409[8]
410[10]
411[9]
412[10]
413[11]
414[7]
415[9]
416[10]
417[8]
418[11]
419[12]
420[10]
421[11]
422[9]
423[11]
424[12]
425[10]
426[6]
427[7]
428[11]
429[10]
430[11]
431[13]
432[12]
433[9]
434[10]
435[11]
436[8]
437[10]
438[12]
439[11]
440[9]
441[13]
442[14]
443[15]
444[12]
445[15]
446[16]
447[14]
448[13]
449[14]
450[17]
451[16]
452[17]
453[18]
454[15]
455[11]
456[12]
457[10]
458[15]
459[16]
460[14]
461[13]
462[14]
463[15]
464[16]
465[12]
466[14]
467[17]
468[18]
469[16]
470[15]
471[13]
472[14]
473[16]
474[15]
475[11]
476[12]
477[13]
478[14]
479[5]
480[8]
481[7]
482[10]
483[11]
484[9]
485[10]
486[8]
487[9]
488[6]
489[12]
490[13]
491[11]
492[14]
493[15]
494[13]
495[15]
496[14]
497[12]
498[10]
499[14]
500[13]
501[12]
502[14]
503[13]
504[11]
505[12]
506[9]
507[15]
508[16]
509[14]
510[16]
511[18]
512[17]
513[18]
514[15]
515[16]
516[17]
517[13]
518[16]
519[18]
520[17]
521[18]
522[15]
523[16]
524[14]
525[18]
526[17]
527[18]
528[19]
529[20]
530[16]
531[15]
532[12]
533[15]
534[14]
535[15]
536[16]
537[18]
538[17]
539[13]
540[14]
541[11]
542[13]
543[12]
544[10]
545[8]
546[10]
547[9]
548[15]
549[14]
550[15]
551[13]
552[15]
553[14]
554[15]
555[12]
556[16]
557[15]
558[14]
559[13]
560[11]
561[12]
562[10]
563[13]
564[12]
565[14]
566[15]
567[13]
568[21]
569[20]
570[19]
571[21]
572[22]
573[20]
574[18]
575[17]
576[18]
577[16]
578[19]
579[18]
580[19]
581[17]
582[18]
583[21]
584[20]
585[21]
586[22]
587[19]
588[20]
589[15]
590[16]
591[17]
592[18]
593[14]
594[17]
595[18]
596[16]
597[15]
598[18]
599[19]
600[17]
601[16]
602[11]
603[12]
604[13]
605[14]
606[16]
607[15]
608[16]
609[7]
610[11]
611[10]
612[12]
613[11]
614[9]
615[8]
616[12]
617[11]
618[10]
619[9]
620[13]
621[12]
622[13]
623[11]
624[13]
625[12]
626[10]
627[11]
628[14]
629[13]
630[12]
631[15]
632[16]
633[14]
634[13]
635[14]
636[15]
637[4]
638[8]
639[10]
640[9]
641[7]
642[10]
643[9]
644[10]
645[8]
646[10]
647[9]
648[6]
649[9]
650[10]
651[8]
652[7]
653[8]
654[5]
655[11]
656[13]
657[14]
658[12]
659[10]
660[9]
661[10]
662[8]
663[9]
664[10]
665[7]
666[10]
667[9]
668[8]
669[6]
670[15]
671[14]
672[13]
673[12]
674[17]
675[16]
676[18]
677[19]
678[17]
679[18]
680[15]
681[18]
682[19]
683[17]
684[16]
685[17]
686[18]
687[14]
688[17]
689[18]
690[16]
691[17]
692[15]
693[16]
694[13]
695[14]
696[11]
697[14]
698[13]
699[15]
700[17]
701[18]
702[16]
703[14]
704[15]
705[12]
706[18]
707[17]
708[16]
709[15]
710[14]
711[16]
712[17]
713[15]
714[16]
715[13]
716[16]
717[17]
718[15]
719[14]
720[16]
721[18]
722[17]
723[20]
724[19]
725[20]
726[21]
727[18]
728[20]
729[19]
730[20]
731[15]
732[17]
733[19]
734[18]
735[16]
736[17]
737[10]
738[11]
739[12]
740[13]
741[9]
742[15]
743[14]
744[13]
745[16]
746[15]
747[14]
748[12]
749[11]
750[14]
751[16]
752[15]
753[13]
754[17]
755[16]
756[17]
757[15]
758[17]
759[16]
760[17]
761[14]
762[16]
763[15]
764[12]
765[14]
766[16]
767[17]
768[15]
769[16]
770[13]
771[16]
772[15]
773[17]
774[18]
775[16]
776[14]
777[16]
778[15]
779[10]
780[12]
781[11]
782[8]
783[7]
784[14]
785[15]
786[16]
787[13]
788[15]
789[14]
790[15]
791[12]
792[14]
793[15]
794[13]
795[11]
796[13]
797[16]
798[15]
799[16]
800[17]
801[18]
802[14]
803[15]
804[17]
805[16]
806[12]
807[13]
808[10]
809[11]
810[9]
811[12]
812[14]
813[13]
814[14]
815[11]
816[16]
817[15]
818[17]
819[16]
820[14]
821[13]
822[12]
823[14]
824[16]
825[15]
826[13]
827[15]
828[14]
829[10]
830[8]
831[10]
832[12]
833[11]
834[9]
835[11]
836[12]
837[10]
838[11]
839[2]
840[4]
841[3]
842[4]
843[5]
844[0]
845[6]
846[5]
847[6]
848[7]
849[4]
850[3]
851[4]
852[5]
853[6]
854[9]
855[8]
856[7]
857[2]
858[4]
859[3]
860[5]
861[4]
862[1]
863[6]
864[7]
865[8]
866[9]
867[5]
868[8]
869[14]
870[13]
871[12]
872[11]
873[12]
874[13]
875[10]
876[14]
877[13]
878[12]
879[11]
880[9]
881[10]
882[11]
883[7]
884[9]
885[11]
886[12]
887[10]
888[8]
889[10]
890[14]
891[13]
892[12]
893[11]
894[12]
895[9]
896[11]
897[10]
898[6]
899[11]
900[10]
901[9]
902[12]
903[11]
904[10]
905[12]
906[11]
907[8]
908[11]
909[10]
910[11]
911[9]
912[7]
913[10]
914[11]
915[13]
916[12]
917[13]
918[9]
919[10]
920[8]
921[4]
922[7]
923[8]
924[6]
925[10]
926[13]
927[14]
928[12]
929[11]
930[13]
931[12]
932[9]
933[11]
934[13]
935[12]
936[10]
937[14]
938[13]
939[12]
940[13]
941[11]
942[14]
943[15]
944[13]
945[14]
946[12]
947[8]
948[9]
949[7]
950[10]
951[9]
952[12]
953[11]
954[10]
955[11]
956[8]
957[9]
958[10]
959[5]
960[9]
961[10]
962[8]
963[10]
964[9]
965[7]
966[10]
967[11]
968[9]
969[10]
970[8]
971[6]
972[10]
973[12]
974[11]
975[13]
976[12]
977[13]
978[9]
979[12]
980[11]
981[10]
982[12]
983[11]
984[13]
985[12]
986[8]
987[10]
988[11]
989[9]
990[7]
991[9]
992[8]
993[3]
994[7]
995[9]
996[10]
997[12]
998[13]
999[11]
1000[8]
1001[10]
1002[9]
1003[11]
1004[10]
1005[6]
1006[7]
1007[8]
1008[5]
1009[11]
1010[10]
1011[11]
1012[9]
1013[12]
1014[13]
1015[11]
1016[12]
1017[10]
1018[11]
1019[13]
1020[12]
1021[14]
1022[13]
1023[15]
1024[14]
1025[8]
1026[11]
1027[10]
1028[11]
1029[13]
1030[14]
1031[12]
1032[14]
1033[15]
1034[13]
1035[9]
1036[10]
1037[11]
1038[7]
1039[10]
1040[12]
1041[11]
1042[13]
1043[12]
1044[9]
1045[11]
1046[14]
1047[13]
1048[15]
1049[16]
1050[17]
1051[14]
1052[16]
1053[15]
1054[16]
1055[12]
1056[16]
1057[15]
1058[14]
1059[16]
1060[15]
1061[16]
1062[13]
1063[10]
1064[13]
1065[12]
1066[13]
1067[11]
1068[12]
1069[14]
1070[15]
1071[13]
1072[8]
1073[9]
1074[11]
1075[10]
1076[6]
1077[11]
1078[14]
1079[13]
1080[12]
1081[13]
1082[10]
1083[13]
1084[15]
1085[14]
1086[15]
1087[12]
1088[14]
1089[13]
1090[16]
1091[15]
1092[16]
1093[14]
1094[15]
1095[11]
1096[9]
1097[10]
1098[12]
1099[11]
1100[12]
1101[13]
1102[8]
1103[11]
1104[12]
1105[10]
1106[12]
1107[16]
1108[17]
1109[15]
1110[14]
1111[15]
1112[13]
1113[14]
1114[15]
1115[11]
1116[13]
1117[14]
1118[15]
1119[12]
1120[16]
1121[15]
1122[16]
1123[14]
1124[16]
1125[15]
1126[13]
1127[15]
1128[14]
1129[16]
1130[15]
1131[17]
1132[16]
1133[9]
1134[10]
1135[11]
1136[12]
1137[13]
1138[7]
1139[11]
1140[10]
1141[15]
1142[14]
1143[16]
1144[17]
1145[15]
1146[13]
1147[14]
1148[12]
1149[14]
1150[13]
1151[14]
1152[11]
1153[14]
1154[13]
1155[12]
1156[14]
1157[16]
1158[18]
1159[17]
1160[18]
1161[15]
1162[16]
1163[13]
1164[15]
1165[16]
1166[17]
1167[19]
1168[18]
1169[19]
1170[20]
1171[14]
1172[17]
1173[18]
1174[16]
1175[17]
1176[15]
1177[16]
1178[17]
1179[9]
1180[15]
1181[14]
1182[17]
1183[16]
1184[18]
1185[17]
1186[15]
1187[16]
1188[17]
1189[13]
1190[15]
1191[16]
1192[17]
1193[18]
1194[19]
1195[14]
1196[19]
1197[18]
1198[17]
1199[19]
1200[18]
1201[16]
1202[18]
1203[17]
1204[18]
1205[15]
1206[19]
1207[18]
1208[17]
1209[16]
1210[17]
1211[20]
1212[19]
1213[20]
1214[18]
1215[19]
1216[12]
1217[16]
1218[15]
1219[14]
1220[16]
1221[15]
1222[16]
1223[13]
1224[16]
1225[17]
1226[15]
1227[14]
1228[16]
1229[17]
1230[15]
1231[11]
1232[13]
1233[14]
1234[15]
1235[12]
1236[15]
1237[16]
1238[14]
1239[15]
1240[16]
1241[13]
1242[17]
1243[16]
1244[15]
1245[17]
1246[19]
1247[18]
1248[16]
1249[18]
1250[17]
1251[14]
1252[15]
1253[10]
1254[11]
1255[8]
1256[11]
1257[13]
1258[16]
1259[15]
1260[17]
1261[16]
1262[14]
1263[12]
1264[14]
1265[16]
1266[15]
1267[13]
1268[10]
1269[13]
1270[12]
1271[15]
1272[14]
1273[15]
1274[13]
1275[17]
1276[16]
1277[19]
1278[18]
1279[17]
1280[15]
1281[16]
1282[18]
1283[17]
1284[19]
1285[20]
1286[18]
1287[14]
1288[16]
1289[17]
1290[15]
1291[16]
1292[18]
1293[19]
1294[20]
1295[17]
1296[19]
1297[22]
1298[21]
1299[22]
1300[20]
1301[21]
1302[18]
1303[11]
1304[13]
1305[15]
1306[14]
1307[12]
1308[9]
1309[11]
1310[10]
1311[11]
1312[4]
1313[7]
1314[10]
1315[11]
1316[9]
1317[8]
1318[6]
1319[12]
1320[11]
1321[10]
1322[9]
1323[10]
1324[8]
1325[9]
1326[7]
1327[10]
1328[9]
1329[8]
1330[5]
1331[9]
1332[8]
1333[7]
1334[6]
1335[10]
1336[11]
1337[9]
1338[10]
1339[8]
1340[9]
1341[10]
1342[7]
1343[10]
1344[9]
1345[10]
1346[11]
1347[8]
1348[9]
1349[11]
1350[10]
1351[2]
1352[6]
1353[5]
1354[7]
1355[12]
1356[11]
1357[10]
1358[13]
1359[12]
1360[11]
1361[12]
1362[9]
1363[8]
1364[9]
1365[6]
1366[10]
1367[9]
1368[8]
1369[9]
1370[11]
1371[10]
1372[7]
1373[8]
1374[9]
1375[10]
1376[4]
1377[8]
1378[7]
1379[11]
1380[14]
1381[13]
1382[14]
1383[12]
1384[10]
1385[9]
1386[8]
1387[14]
1388[13]
1389[15]
1390[14]
1391[12]
1392[13]
1393[11]
1394[13]
1395[15]
1396[17]
1397[16]
1398[14]
1399[15]
1400[12]
1401[13]
1402[10]
1403[9]
1404[11]
1405[10]
1406[12]
1407[11]
1408[12]
1409[13]
1410[6]
1411[10]
1412[11]
1413[9]
1414[13]
1415[16]
1416[17]
1417[15]
1418[17]
1419[16]
1420[18]
1421[19]
1422[17]
1423[14]
1424[15]
1425[16]
1426[12]
1427[13]
1428[14]
1429[15]
1430[11]
1431[12]
1432[10]
1433[8]
1434[15]
1435[14]
1436[15]
1437[13]
1438[14]
1439[16]
1440[15]
1441[17]
1442[16]
1443[12]
1444[13]
1445[14]
1446[15]
1447[11]
1448[12]
1449[14]
1450[15]
1451[17]
1452[16]
1453[17]
1454[19]
1455[18]
1456[13]
1457[14]
1458[10]
1459[16]
1460[15]
1461[14]
1462[13]
1463[12]
1464[14]
1465[13]
1466[11]
1467[15]
1468[17]
1469[18]
1470[16]
1471[14]
1472[16]
1473[17]
1474[15]
1475[13]
1476[12]
1477[17]
1478[18]
1479[16]
1480[15]
1481[16]
1482[14]
1483[13]
1484[16]
1485[15]
1486[14]
1487[15]
1488[16]
1489[17]
1490[9]
1491[11]
1492[14]
1493[13]
1494[15]
1495[14]
1496[12]
1497[13]
1498[10]
1499[7]
1500[8]
1501[9]
1502[5]
1503[9]
1504[8]
1505[9]
1506[10]
1507[11]
1508[13]
1509[12]
1510[7]
1511[6]
1512[9]
1513[11]
1514[10]
1515[12]
1516[11]
1517[12]
1518[8]
1519[7]
1520[11]
1521[10]
1522[15]
1523[14]
1524[16]
1525[15]
1526[13]
1527[14]
1528[12]
1529[17]
1530[16]
1531[15]
1532[16]
1533[17]
1534[14]
1535[13]
1536[16]
1537[15]
1538[14]
1539[11]
1540[9]
1541[13]
1542[12]
1543[13]
1544[14]
1545[16]
1546[15]
1547[16]
1548[17]
1549[11]
1550[14]
1551[15]
1552[13]
1553[14]
1554[12]
1555[10]
1556[12]
1557[11]
1558[8]
1559[11]
1560[10]
1561[11]
1562[12]
1563[16]
1564[15]
1565[16]
1566[14]
1567[15]
1568[13]
1569[16]
1570[15]
1571[16]
1572[14]
1573[9]
1574[11]
1575[10]
1576[12]
1577[11]
1578[12]
1579[13]
1580[3]
1581[12]
1582[11]
1583[12]
1584[10]
1585[12]
1586[11]
1587[13]
1588[12]
1589[9]
1590[11]
1591[10]
1592[11]
1593[12]
1594[8]
1595[11]
1596[10]
1597[13]
1598[15]
1599[16]
1600[14]
1601[12]
1602[14]
1603[16]
1604[15]
1605[13]
1606[14]
1607[16]
1608[17]
1609[15]
1610[17]
1611[16]
1612[11]
1613[13]
1614[12]
1615[9]
1616[10]
1617[7]
1618[10]
1619[9]
1620[10]
1621[11]
1622[8]
1623[9]
1624[6]
1625[12]
1626[13]
1627[11]
1628[10]
1629[11]
1630[9]
1631[10]
1632[8]
1633[14]
1634[13]
1635[14]
1636[12]
1637[14]
1638[13]
1639[11]
1640[13]
1641[12]
1642[14]
1643[15]
1644[13]
1645[10]
1646[13]
1647[12]
1648[13]
1649[11]
1650[14]
1651[13]
1652[14]
1653[15]
1654[12]
1655[13]
1656[9]
1657[13]
1658[12]
1659[13]
1660[11]
1661[10]
1662[7]
1663[11]
1664[13]
1665[12]
1666[10]
1667[12]
1668[11]
1669[9]
1670[12]
1671[11]
1672[16]
1673[15]
1674[17]
1675[16]
1676[14]
1677[13]
1678[14]
1679[15]
1680[12]
1681[10]
1682[12]
1683[11]
1684[13]
1685[12]
1686[14]
1687[13]
1688[8]
1689[9]
1690[5]
1691[8]
1692[9]
1693[7]
1694[8]
1695[11]
1696[10]
1697[9]
1698[6]
1699[14]
1700[15]
1701[13]
1702[14]
1703[12]
1704[13]
1705[14]
1706[11]
1707[10]
1708[14]
1709[16]
1710[15]
1711[13]
1712[15]
1713[16]
1714[14]
1715[16]
1716[15]
1717[12]
1718[14]
1719[15]
1720[13]
1721[15]
1722[16]
1723[14]
1724[17]
1725[16]
1726[19]
1727[18]
1728[17]
1729[18]
1730[19]
1731[20]
1732[15]
1733[16]
1734[11]
1735[9]
1736[15]
1737[17]
1738[19]
1739[18]
1740[16]
1741[17]
1742[14]
1743[17]
1744[16]
1745[17]
1746[15]
1747[16]
1748[17]
1749[20]
1750[19]
1751[20]
1752[18]
1753[13]
1754[14]
1755[12]
1756[13]
1757[15]
1758[14]
1759[16]
1760[15]
1761[11]
1762[13]
1763[14]
1764[12]
1765[17]
1766[16]
1767[17]
1768[15]
1769[14]
1770[13]
1771[15]
1772[16]
1773[14]
1774[10]
1775[8]
1776[11]
1777[10]
1778[11]
1779[12]
1780[9]
1781[15]
1782[14]
1783[13]
1784[14]
1785[16]
1786[15]
1787[16]
1788[17]
1789[12]
1790[14]
1791[13]
1792[15]
1793[14]
1794[11]
1795[16]
1796[17]
1797[18]
1798[15]
1799[16]
1800[17]
1801[18]
1802[14]
1803[18]
1804[19]
1805[20]
1806[17]
1807[18]
1808[16]
1809[15]
1810[16]
1811[17]
1812[18]
1813[13]
1814[14]
1815[12]
1816[17]
1817[16]
1818[18]
1819[21]
1820[22]
1821[20]
1822[19]
1823[17]
1824[18]
1825[15]
1826[14]
1827[16]
1828[17]
1829[20]
1830[22]
1831[21]
1832[19]
1833[18]
1834[19]
1835[15]
1836[17]
1837[18]
1838[19]
1839[20]
1840[16]
1841[17]
1842[18]
1843[13]
1844[15]
1845[14]
1846[18]
1847[17]
1848[16]
1849[15]
1850[10]
1851[11]
1852[12]
1853[7]
1854[10]
1855[9]
1856[8]
1857[13]
1858[15]
1859[14]
1860[12]
1861[11]
1862[10]
1863[9]
1864[11]
1865[10]
1866[11]
1867[13]
1868[14]
1869[12]
1870[14]
1871[13]
1872[4]
1873[10]
1874[9]
1875[10]
1876[8]
1877[13]
1878[12]
1879[13]
1880[14]
1881[11]
1882[10]
1883[9]
1884[11]
1885[12]
1886[10]
1887[12]
1888[13]
1889[11]
1890[7]
1891[9]
1892[10]
1893[8]
1894[11]
1895[14]
1896[13]
1897[14]
1898[12]
1899[15]
1900[14]
1901[15]
1902[13]
1903[10]
1904[12]
1905[13]
1906[11]
1907[14]
1908[15]
1909[13]
1910[12]
1911[13]
1912[9]
1913[6]
1914[8]
1915[9]
1916[7]
1917[12]
1918[11]
1919[12]
1920[10]
1921[9]
1922[11]
1923[12]
1924[10]
1925[14]
1926[13]
1927[12]
1928[11]
1929[12]
1930[8]
1931[12]
1932[11]
1933[10]
1934[11]
1935[9]
1936[11]
1937[10]
1938[11]
1939[5]
1940[9]
1941[8]
1942[10]
1943[11]
1944[9]
1945[10]
1946[7]
1947[10]
1948[11]
1949[12]
1950[9]
1951[15]
1952[16]
1953[14]
1954[16]
1955[15]
1956[13]
1957[12]
1958[13]
1959[11]
1960[13]
1961[12]
1962[13]
1963[10]
1964[12]
1965[14]
1966[13]
1967[11]
1968[12]
1969[13]
1970[8]
1971[11]
1972[10]
1973[12]
1974[13]
1975[14]
1976[11]
1977[14]
1978[13]
1979[12]
1980[13]
1981[15]
1982[14]
1983[16]
1984[15]
1985[9]
1986[10]
1987[6]
1988[10]
1989[12]
1990[13]
1991[15]
1992[14]
1993[11]
1994[12]
1995[16]
1996[15]
1997[16]
1998[14]
1999[13]
2000[15]
2001[17]
2002[16]
2003[14]
2004[15]
2005[16]
2006[17]
2007[9]
2008[11]
2009[10]
2010[11]
2011[8]
2012[11]
2013[10]
2014[9]
2015[12]
2016[11]
2017[10]
2018[12]
2019[13]
2020[11]
2021[7]
2022[10]
2023[11]
2024[12]
2025[9]
2026[11]
2027[10]
2028[12]
2029[11]
2030[12]
2031[8]
2032[11]
2033[10]
2034[13]
2035[12]
2036[11]
2037[9]
2038[10]
2039[13]
2040[12]
2041[11]
2042[13]
2043[14]
2044[12]
2045[14]
2046[15]
2047[13]
