2[10]
3[11]
4[9]
5[11]
6[10]
7[11]
8[8]
9[11]
10[10]
11[11]
12[9]
13[11]
14[10]
15[11]
16[7]
17[11]
18[10]
19[11]
20[9]
21[11]
22[10]
23[11]
24[8]
25[11]
26[10]
27[11]
28[9]
29[11]
30[10]
31[11]
32[6]
33[11]
34[10]
35[11]
36[9]
37[11]
38[10]
39[11]
40[8]
41[11]
42[10]
43[11]
44[9]
45[11]
46[10]
47[11]
48[7]
49[11]
50[10]
51[11]
52[9]
53[11]
54[10]
55[11]
56[8]
57[11]
58[10]
59[11]
60[9]
61[11]
62[10]
63[11]
64[5]
65[11]
66[10]
67[11]
68[9]
69[11]
70[10]
71[11]
72[8]
73[11]
74[10]
75[11]
76[9]
77[11]
78[10]
79[11]
80[7]
81[11]
82[10]
83[11]
84[9]
85[11]
86[10]
87[11]
88[8]
89[11]
90[10]
91[11]
92[9]
93[11]
94[10]
95[11]
96[6]
97[11]
98[10]
99[11]
100[9]
101[11]
102[10]
103[11]
104[8]
105[11]
106[10]
107[11]
108[9]
109[11]
110[10]
111[11]
112[7]
113[11]
114[10]
115[11]
116[9]
117[11]
118[10]
119[11]
120[8]
121[11]
122[10]
123[11]
124[9]
125[11]
126[10]
127[11]
128[4]
129[11]
130[10]
131[11]
132[9]
133[11]
134[10]
135[11]
136[8]
137[11]
138[10]
139[11]
140[9]
141[11]
142[10]
143[11]
144[7]
145[11]
146[10]
147[11]
148[9]
149[11]
150[10]
151[11]
152[8]
153[11]
154[10]
155[11]
156[9]
157[11]
158[10]
159[11]
160[6]
161[11]
162[10]
163[11]
164[9]
165[11]
166[10]
167[11]
168[8]
169[11]
170[10]
171[11]
172[9]
173[11]
174[10]
175[11]
176[7]
177[11]
178[10]
179[11]
180[9]
181[11]
182[10]
183[11]
184[8]
185[11]
186[10]
187[11]
188[9]
189[11]
190[10]
191[11]
192[5]
193[11]
194[10]
195[11]
196[9]
197[11]
198[10]
199[11]
200[8]
201[11]
202[10]
203[11]
204[9]
205[11]
206[10]
207[11]
208[7]
209[11]
210[10]
211[11]
212[9]
213[11]
214[10]
215[11]
216[8]
217[11]
218[10]
219[11]
220[9]
221[11]
222[10]
223[11]
224[6]
225[11]
226[10]
227[11]
228[9]
229[11]
230[10]
231[11]
232[8]
233[11]
234[10]
235[11]
236[9]
237[11]
238[10]
239[11]
240[7]
241[11]
242[10]
243[11]
244[9]
245[11]
246[10]
247[11]
248[8]
249[11]
250[10]
251[11]
252[9]
253[11]
254[10]
255[11]
256[3]
257[11]
258[10]
259[11]
260[9]
261[11]
262[10]
263[11]
264[8]
265[11]
266[10]
267[11]
268[9]
269[11]
270[10]
271[11]
272[7]
273[11]
274[10]
275[11]
276[9]
277[11]
278[10]
279[11]
280[8]
281[11]
282[10]
283[11]
284[9]
285[11]
286[10]
287[11]
288[6]
289[11]
290[10]
291[11]
292[9]
293[11]
294[10]
295[11]
296[8]
297[11]
298[10]
299[11]
300[9]
301[11]
302[10]
303[11]
304[7]
305[11]
306[10]
307[11]
308[9]
309[11]
310[10]
311[11]
312[8]
313[11]
314[10]
315[11]
316[9]
317[11]
318[10]
319[11]
320[5]
321[11]
322[10]
323[11]
324[9]
325[11]
326[10]
327[11]
328[8]
329[11]
330[10]
331[11]
332[9]
333[11]
334[10]
335[11]
336[7]
337[11]
338[10]
339[11]
340[9]
341[11]
342[10]
343[11]
344[8]
345[11]
346[10]
347[11]
348[9]
349[11]
350[10]
351[11]
352[6]
353[11]
354[10]
355[11]
356[9]
357[11]
358[10]
359[11]
360[8]
361[11]
362[10]
363[11]
364[9]
365[11]
366[10]
367[11]
368[7]
369[11]
370[10]
371[11]
372[9]
373[11]
374[10]
375[11]
376[8]
377[11]
378[10]
379[11]
380[9]
381[11]
382[10]
383[11]
384[4]
385[11]
386[10]
387[11]
388[9]
389[11]
390[10]
391[11]
392[8]
393[11]
394[10]
395[11]
396[9]
397[11]
398[10]
399[11]
400[7]
401[11]
402[10]
403[11]
404[9]
405[11]
406[10]
407[11]
408[8]
409[11]
410[10]
411[11]
412[9]
413[11]
414[10]
415[11]
416[6]
417[11]
418[10]
419[11]
420[9]
421[11]
422[10]
423[11]
424[8]
425[11]
426[10]
427[11]
428[9]
429[11]
430[10]
431[11]
432[7]
433[11]
434[10]
435[11]
436[9]
437[11]
438[10]
439[11]
440[8]
441[11]
442[10]
443[11]
444[9]
445[11]
446[10]
447[11]
448[5]
449[11]
450[10]
451[11]
452[9]
453[11]
454[10]
455[11]
456[8]
457[11]
458[10]
459[11]
460[9]
461[11]
462[10]
463[11]
464[7]
465[11]
466[10]
467[11]
468[9]
469[11]
470[10]
471[11]
472[8]
473[11]
474[10]
475[11]
476[9]
477[11]
478[10]
479[11]
480[6]
481[11]
482[10]
483[11]
484[9]
485[11]
486[10]
487[11]
488[8]
489[11]
490[10]
491[11]
492[9]
493[11]
494[10]
495[11]
496[7]
497[11]
498[10]
499[11]
500[9]
501[11]
502[10]
503[11]
504[8]
505[11]
506[10]
507[11]
508[9]
509[11]
510[10]
511[11]
512[2]
513[11]
514[10]
515[11]
516[9]
517[11]
518[10]
519[11]
520[8]
521[11]
522[10]
523[11]
524[9]
525[11]
526[10]
527[11]
528[7]
529[11]
530[10]
531[11]
532[9]
533[11]
534[10]
535[11]
536[8]
537[11]
538[10]
539[11]
540[9]
541[11]
542[10]
543[11]
544[6]
545[11]
546[10]
547[11]
548[9]
549[11]
550[10]
551[11]
552[8]
553[11]
554[10]
555[11]
556[9]
557[11]
558[10]
559[11]
560[7]
561[11]
562[10]
563[11]
564[9]
565[11]
566[10]
567[11]
568[8]
569[11]
570[10]
571[11]
572[9]
573[11]
574[10]
575[11]
576[5]
577[11]
578[10]
579[11]
580[9]
581[11]
582[10]
583[11]
584[8]
585[11]
586[10]
587[11]
588[9]
589[11]
590[10]
591[11]
592[7]
593[11]
594[10]
595[11]
596[9]
597[11]
598[10]
599[11]
600[8]
601[11]
602[10]
603[11]
604[9]
605[11]
606[10]
607[11]
608[6]
609[11]
610[10]
611[11]
612[9]
613[11]
614[10]
615[11]
616[8]
617[11]
618[10]
619[11]
620[9]
621[11]
622[10]
623[11]
624[7]
625[11]
626[10]
627[11]
628[9]
629[11]
630[10]
631[11]
632[8]
633[11]
634[10]
635[11]
636[9]
637[11]
638[10]
639[11]
640[4]
641[11]
642[10]
643[11]
644[9]
645[11]
646[10]
647[11]
648[8]
649[11]
650[10]
651[11]
652[9]
653[11]
654[10]
655[11]
656[7]
657[11]
658[10]
659[11]
660[9]
661[11]
662[10]
663[11]
664[8]
665[11]
666[10]
667[11]
668[9]
669[11]
670[10]
671[11]
672[6]
673[11]
674[10]
675[11]
676[9]
677[11]
678[10]
679[11]
680[8]
681[11]
682[10]
683[11]
684[9]
685[11]
686[10]
687[11]
688[7]
689[11]
690[10]
691[11]
692[9]
693[11]
694[10]
695[11]
696[8]
697[11]
698[10]
699[11]
700[9]
701[11]
702[10]
703[11]
704[5]
705[11]
706[10]
707[11]
708[9]
709[11]
710[10]
711[11]
712[8]
713[11]
714[10]
715[11]
716[9]
717[11]
718[10]
719[11]
720[7]
721[11]
722[10]
723[11]
724[9]
725[11]
726[10]
727[11]
728[8]
729[11]
730[10]
731[11]
732[9]
733[11]
734[10]
735[11]
736[6]
737[11]
738[10]
739[11]
740[9]
741[11]
742[10]
743[11]
744[8]
745[11]
746[10]
747[11]
748[9]
749[11]
750[10]
751[11]
752[7]
753[11]
754[10]
755[11]
756[9]
757[11]
758[10]
759[11]
760[8]
761[11]
762[10]
763[11]
764[9]
765[11]
766[10]
767[11]
768[3]
769[11]
770[10]
771[11]
772[9]
773[11]
774[10]
775[11]
776[8]
777[11]
778[10]
779[11]
780[9]
781[11]
782[10]
783[11]
784[7]
785[11]
786[10]
787[11]
788[9]
789[11]
790[10]
791[11]
792[8]
793[11]
794[10]
795[11]
796[9]
797[11]
798[10]
799[11]
800[6]
801[11]
802[10]
803[11]
804[9]
805[11]
806[10]
807[11]
808[8]
809[11]
810[10]
811[11]
812[9]
813[11]
814[10]
815[11]
816[7]
817[11]
818[10]
819[11]
820[9]
821[11]
822[10]
823[11]
824[8]
825[11]
826[10]
827[11]
828[9]
829[11]
830[10]
831[11]
832[5]
833[11]
834[10]
835[11]
836[9]
837[11]
838[10]
839[11]
840[8]
841[11]
842[10]
843[11]
844[9]
845[11]
846[10]
847[11]
848[7]
849[11]
850[10]
851[11]
852[9]
853[11]
854[10]
855[11]
856[8]
857[11]
858[10]
859[11]
860[9]
861[11]
862[10]
863[11]
864[6]
865[11]
866[10]
867[11]
868[9]
869[11]
870[10]
871[11]
872[8]
873[11]
874[10]
875[11]
876[9]
877[11]
878[10]
879[11]
880[7]
881[11]
882[10]
883[11]
884[9]
885[11]
886[10]
887[11]
888[8]
889[11]
890[10]
891[11]
892[9]
893[11]
894[10]
895[11]
896[4]
897[11]
898[10]
899[11]
900[9]
901[11]
902[10]
903[11]
904[8]
905[11]
906[10]
907[11]
908[9]
909[11]
910[10]
911[11]
912[7]
913[11]
914[10]
915[11]
916[9]
917[11]
918[10]
919[11]
920[8]
921[11]
922[10]
923[11]
924[9]
925[11]
926[10]
927[11]
928[6]
929[11]
930[10]
931[11]
932[9]
933[11]
934[10]
935[11]
936[8]
937[11]
938[10]
939[11]
940[9]
941[11]
942[10]
943[11]
944[7]
945[11]
946[10]
947[11]
948[9]
949[11]
950[10]
951[11]
952[8]
953[11]
954[10]
955[11]
956[9]
957[11]
958[10]
959[11]
960[5]
961[11]
962[10]
963[11]
964[9]
965[11]
966[10]
967[11]
968[8]
969[11]
970[10]
971[11]
972[9]
973[11]
974[10]
975[11]
976[7]
977[11]
978[10]
979[11]
980[9]
981[11]
982[10]
983[11]
984[8]
985[11]
986[10]
987[11]
988[9]
989[11]
990[10]
991[11]
992[6]
993[11]
994[10]
995[11]
996[9]
997[11]
998[10]
999[11]
1000[8]
1001[11]
1002[10]
1003[11]
1004[9]
1005[11]
1006[10]
1007[11]
1008[7]
1009[11]
1010[10]
1011[11]
1012[9]
1013[11]
1014[10]
1015[11]
1016[8]
1017[11]
1018[10]
1019[11]
1020[9]
1021[11]
1022[10]
1023[11]
1024[1]
1025[11]
1026[10]
1027[11]
1028[9]
1029[11]
1030[10]
1031[11]
1032[8]
1033[11]
1034[10]
1035[11]
1036[9]
1037[11]
1038[10]
1039[11]
1040[7]
1041[11]
1042[10]
1043[11]
1044[9]
1045[11]
1046[10]
1047[11]
1048[8]
1049[11]
1050[10]
1051[11]
1052[9]
1053[11]
1054[10]
1055[11]
1056[6]
1057[11]
1058[10]
1059[11]
1060[9]
1061[11]
1062[10]
1063[11]
1064[8]
1065[11]
1066[10]
1067[11]
1068[9]
1069[11]
1070[10]
1071[11]
1072[7]
1073[11]
1074[10]
1075[11]
1076[9]
1077[11]
1078[10]
1079[11]
1080[8]
1081[11]
1082[10]
1083[11]
1084[9]
1085[11]
1086[10]
1087[11]
1088[5]
1089[11]
1090[10]
1091[11]
1092[9]
1093[11]
1094[10]
1095[11]
1096[8]
1097[11]
1098[10]
1099[11]
1100[9]
1101[11]
1102[10]
1103[11]
1104[7]
1105[11]
1106[10]
1107[11]
1108[9]
1109[11]
1110[10]
1111[11]
1112[8]
1113[11]
1114[10]
1115[11]
1116[9]
1117[11]
1118[10]
1119[11]
1120[6]
1121[11]
1122[10]
1123[11]
1124[9]
1125[11]
1126[10]
1127[11]
1128[8]
1129[11]
1130[10]
1131[11]
1132[9]
1133[11]
1134[10]
1135[11]
1136[7]
1137[11]
1138[10]
1139[11]
1140[9]
1141[11]
1142[10]
1143[11]
1144[8]
1145[11]
1146[10]
1147[11]
1148[9]
1149[11]
1150[10]
1151[11]
1152[4]
1153[11]
1154[10]
1155[11]
1156[9]
1157[11]
1158[10]
1159[11]
1160[8]
1161[11]
1162[10]
1163[11]
1164[9]
1165[11]
1166[10]
1167[11]
1168[7]
1169[11]
1170[10]
1171[11]
1172[9]
1173[11]
1174[10]
1175[11]
1176[8]
1177[11]
1178[10]
1179[11]
1180[9]
1181[11]
1182[10]
1183[11]
1184[6]
1185[11]
1186[10]
1187[11]
1188[9]
1189[11]
1190[10]
1191[11]
1192[8]
1193[11]
1194[10]
1195[11]
1196[9]
1197[11]
1198[10]
1199[11]
1200[7]
1201[11]
1202[10]
1203[11]
1204[9]
1205[11]
1206[10]
1207[11]
1208[8]
1209[11]
1210[10]
1211[11]
1212[9]
1213[11]
1214[10]
1215[11]
1216[5]
1217[11]
1218[10]
1219[11]
1220[9]
1221[11]
1222[10]
1223[11]
1224[8]
1225[11]
1226[10]
1227[11]
1228[9]
1229[11]
1230[10]
1231[11]
1232[7]
1233[11]
1234[10]
1235[11]
1236[9]
1237[11]
1238[10]
1239[11]
1240[8]
1241[11]
1242[10]
1243[11]
1244[9]
1245[11]
1246[10]
1247[11]
1248[6]
1249[11]
1250[10]
1251[11]
1252[9]
1253[11]
1254[10]
1255[11]
1256[8]
1257[11]
1258[10]
1259[11]
1260[9]
1261[11]
1262[10]
1263[11]
1264[7]
1265[11]
1266[10]
1267[11]
1268[9]
1269[11]
1270[10]
1271[11]
1272[8]
1273[11]
1274[10]
1275[11]
1276[9]
1277[11]
1278[10]
1279[11]
1280[3]
1281[11]
1282[10]
1283[11]
1284[9]
1285[11]
1286[10]
1287[11]
1288[8]
1289[11]
1290[10]
1291[11]
1292[9]
1293[11]
1294[10]
1295[11]
1296[7]
1297[11]
1298[10]
1299[11]
1300[9]
1301[11]
1302[10]
1303[11]
1304[8]
1305[11]
1306[10]
1307[11]
1308[9]
1309[11]
1310[10]
1311[11]
1312[6]
1313[11]
1314[10]
1315[11]
1316[9]
1317[11]
1318[10]
1319[11]
1320[8]
1321[11]
1322[10]
1323[11]
1324[9]
1325[11]
1326[10]
1327[11]
1328[7]
1329[11]
1330[10]
1331[11]
1332[9]
1333[11]
1334[10]
1335[11]
1336[8]
1337[11]
1338[10]
1339[11]
1340[9]
1341[11]
1342[10]
1343[11]
1344[5]
1345[11]
1346[10]
1347[11]
1348[9]
1349[11]
1350[10]
1351[11]
1352[8]
1353[11]
1354[10]
1355[11]
1356[9]
1357[11]
1358[10]
1359[11]
1360[7]
1361[11]
1362[10]
1363[11]
1364[9]
1365[11]
1366[10]
1367[11]
1368[8]
1369[11]
1370[10]
1371[11]
1372[9]
1373[11]
1374[10]
1375[11]
1376[6]
1377[11]
1378[10]
1379[11]
1380[9]
1381[11]
1382[10]
1383[11]
1384[8]
1385[11]
1386[10]
1387[11]
1388[9]
1389[11]
1390[10]
1391[11]
1392[7]
1393[11]
1394[10]
1395[11]
1396[9]
1397[11]
1398[10]
1399[11]
1400[8]
1401[11]
1402[10]
1403[11]
1404[9]
1405[11]
1406[10]
1407[11]
1408[4]
1409[11]
1410[10]
1411[11]
1412[9]
1413[11]
1414[10]
1415[11]
1416[8]
1417[11]
1418[10]
1419[11]
1420[9]
1421[11]
1422[10]
1423[11]
1424[7]
1425[11]
1426[10]
1427[11]
1428[9]
1429[11]
1430[10]
1431[11]
1432[8]
1433[11]
1434[10]
1435[11]
1436[9]
1437[11]
1438[10]
1439[11]
1440[6]
1441[11]
1442[10]
1443[11]
1444[9]
1445[11]
1446[10]
1447[11]
1448[8]
1449[11]
1450[10]
1451[11]
1452[9]
1453[11]
1454[10]
1455[11]
1456[7]
1457[11]
1458[10]
1459[11]
1460[9]
1461[11]
1462[10]
1463[11]
1464[8]
1465[11]
1466[10]
1467[11]
1468[9]
1469[11]
1470[10]
1471[11]
1472[5]
1473[11]
1474[10]
1475[11]
1476[9]
1477[11]
1478[10]
1479[11]
1480[8]
1481[11]
1482[10]
1483[11]
1484[9]
1485[11]
1486[10]
1487[11]
1488[7]
1489[11]
1490[10]
1491[11]
1492[9]
1493[11]
1494[10]
1495[11]
1496[8]
1497[11]
1498[10]
1499[11]
1500[9]
1501[11]
1502[10]
1503[11]
1504[6]
1505[11]
1506[10]
1507[11]
1508[9]
1509[11]
1510[10]
1511[11]
1512[8]
1513[11]
1514[10]
1515[11]
1516[9]
1517[11]
1518[10]
1519[11]
1520[7]
1521[11]
1522[10]
1523[11]
1524[9]
1525[11]
1526[10]
1527[11]
1528[8]
1529[11]
1530[10]
1531[11]
1532[9]
1533[11]
1534[10]
1535[11]
1536[2]
1537[11]
1538[10]
1539[11]
1540[9]
1541[11]
1542[10]
1543[11]
1544[8]
1545[11]
1546[10]
1547[11]
1548[9]
1549[11]
1550[10]
1551[11]
1552[7]
1553[11]
1554[10]
1555[11]
1556[9]
1557[11]
1558[10]
1559[11]
1560[8]
1561[11]
1562[10]
1563[11]
1564[9]
1565[11]
1566[10]
1567[11]
1568[6]
1569[11]
1570[10]
1571[11]
1572[9]
1573[11]
1574[10]
1575[11]
1576[8]
1577[11]
1578[10]
1579[11]
1580[9]
1581[11]
1582[10]
1583[11]
1584[7]
1585[11]
1586[10]
1587[11]
1588[9]
1589[11]
1590[10]
1591[11]
1592[8]
1593[11]
1594[10]
1595[11]
1596[9]
1597[11]
1598[10]
1599[11]
1600[5]
1601[11]
1602[10]
1603[11]
1604[9]
1605[11]
1606[10]
1607[11]
1608[8]
1609[11]
1610[10]
1611[11]
1612[9]
1613[11]
1614[10]
1615[11]
1616[7]
1617[11]
1618[10]
1619[11]
1620[9]
1621[11]
1622[10]
1623[11]
1624[8]
1625[11]
1626[10]
1627[11]
1628[9]
1629[11]
1630[10]
1631[11]
1632[6]
1633[11]
1634[10]
1635[11]
1636[9]
1637[11]
1638[10]
1639[11]
1640[8]
1641[11]
1642[10]
1643[11]
1644[9]
1645[11]
1646[10]
1647[11]
1648[7]
1649[11]
1650[10]
1651[11]
1652[9]
1653[11]
1654[10]
1655[11]
1656[8]
1657[11]
1658[10]
1659[11]
1660[9]
1661[11]
1662[10]
1663[11]
1664[4]
1665[11]
1666[10]
1667[11]
1668[9]
1669[11]
1670[10]
1671[11]
1672[8]
1673[11]
1674[10]
1675[11]
1676[9]
1677[11]
1678[10]
1679[11]
1680[7]
1681[11]
1682[10]
1683[11]
1684[9]
1685[11]
1686[10]
1687[11]
1688[8]
1689[11]
1690[10]
1691[11]
1692[9]
1693[11]
1694[10]
1695[11]
1696[6]
1697[11]
1698[10]
1699[11]
1700[9]
1701[11]
1702[10]
1703[11]
1704[8]
1705[11]
1706[10]
1707[11]
1708[9]
1709[11]
1710[10]
1711[11]
1712[7]
1713[11]
1714[10]
1715[11]
1716[9]
1717[11]
1718[10]
1719[11]
1720[8]
1721[11]
1722[10]
1723[11]
1724[9]
1725[11]
1726[10]
1727[11]
1728[5]
1729[11]
1730[10]
1731[11]
1732[9]
1733[11]
1734[10]
1735[11]
1736[8]
1737[11]
1738[10]
1739[11]
1740[9]
1741[11]
1742[10]
1743[11]
1744[7]
1745[11]
1746[10]
1747[11]
1748[9]
1749[11]
1750[10]
1751[11]
1752[8]
1753[11]
1754[10]
1755[11]
1756[9]
1757[11]
1758[10]
1759[11]
1760[6]
1761[11]
1762[10]
1763[11]
1764[9]
1765[11]
1766[10]
1767[11]
1768[8]
1769[11]
1770[10]
1771[11]
1772[9]
1773[11]
1774[10]
1775[11]
1776[7]
1777[11]
1778[10]
1779[11]
1780[9]
1781[11]
1782[10]
1783[11]
1784[8]
1785[11]
1786[10]
1787[11]
1788[9]
1789[11]
1790[10]
1791[11]
1792[3]
1793[11]
1794[10]
1795[11]
1796[9]
1797[11]
1798[10]
1799[11]
1800[8]
1801[11]
1802[10]
1803[11]
1804[9]
1805[11]
1806[10]
1807[11]
1808[7]
1809[11]
1810[10]
1811[11]
1812[9]
1813[11]
1814[10]
1815[11]
1816[8]
1817[11]
1818[10]
1819[11]
1820[9]
1821[11]
1822[10]
1823[11]
1824[6]
1825[11]
1826[10]
1827[11]
1828[9]
1829[11]
1830[10]
1831[11]
1832[8]
1833[11]
1834[10]
1835[11]
1836[9]
1837[11]
1838[10]
1839[11]
1840[7]
1841[11]
1842[10]
1843[11]
1844[9]
1845[11]
1846[10]
1847[11]
1848[8]
1849[11]
1850[10]
1851[11]
1852[9]
1853[11]
1854[10]
1855[11]
1856[5]
1857[11]
1858[10]
1859[11]
1860[9]
1861[11]
1862[10]
1863[11]
1864[8]
1865[11]
1866[10]
1867[11]
1868[9]
1869[11]
1870[10]
1871[11]
1872[7]
1873[11]
1874[10]
1875[11]
1876[9]
1877[11]
1878[10]
1879[11]
1880[8]
1881[11]
1882[10]
1883[11]
1884[9]
1885[11]
1886[10]
1887[11]
1888[6]
1889[11]
1890[10]
1891[11]
1892[9]
1893[11]
1894[10]
1895[11]
1896[8]
1897[11]
1898[10]
1899[11]
1900[9]
1901[11]
1902[10]
1903[11]
1904[7]
1905[11]
1906[10]
1907[11]
1908[9]
1909[11]
1910[10]
1911[11]
1912[8]
1913[11]
1914[10]
1915[11]
1916[9]
1917[11]
1918[10]
1919[11]
1920[4]
1921[11]
1922[10]
1923[11]
1924[9]
1925[11]
1926[10]
1927[11]
1928[8]
1929[11]
1930[10]
1931[11]
1932[9]
1933[11]
1934[10]
1935[11]
1936[7]
1937[11]
1938[10]
1939[11]
1940[9]
1941[11]
1942[10]
1943[11]
1944[8]
1945[11]
1946[10]
1947[11]
1948[9]
1949[11]
1950[10]
1951[11]
1952[6]
1953[11]
1954[10]
1955[11]
1956[9]
1957[11]
1958[10]
1959[11]
1960[8]
1961[11]
1962[10]
1963[11]
1964[9]
1965[11]
1966[10]
1967[11]
1968[7]
1969[11]
1970[10]
1971[11]
1972[9]
1973[11]
1974[10]
1975[11]
1976[8]
1977[11]
1978[10]
1979[11]
1980[9]
1981[11]
1982[10]
1983[11]
1984[5]
1985[11]
1986[10]
1987[11]
1988[9]
1989[11]
1990[10]
1991[11]
1992[8]
1993[11]
1994[10]
1995[11]
1996[9]
1997[11]
1998[10]
1999[11]
2000[7]
2001[11]
2002[10]
2003[11]
2004[9]
2005[11]
2006[10]
2007[11]
2008[8]
2009[11]
2010[10]
2011[11]
2012[9]
2013[11]
2014[10]
2015[11]
2016[6]
2017[11]
2018[10]
2019[11]
2020[9]
2021[11]
2022[10]
2023[11]
2024[8]
2025[11]
2026[10]
2027[11]
2028[9]
2029[11]
2030[10]
2031[11]
2032[7]
2033[11]
2034[10]
2035[11]
2036[9]
2037[11]
2038[10]
2039[11]
2040[8]
2041[11]
2042[10]
2043[11]
2044[9]
2045[11]
2046[10]
2047[11]
2048[0]
2049[11]
2050[10]
2051[11]
2052[9]
2053[11]
2054[10]
2055[11]
2056[8]
2057[11]
2058[10]
2059[11]
2060[9]
2061[11]
2062[10]
2063[11]
2064[7]
2065[11]
2066[10]
2067[11]
2068[9]
2069[11]
2070[10]
2071[11]
2072[8]
2073[11]
2074[10]
2075[11]
2076[9]
2077[11]
2078[10]
2079[11]
2080[6]
2081[11]
2082[10]
2083[11]
2084[9]
2085[11]
2086[10]
2087[11]
2088[8]
2089[11]
2090[10]
2091[11]
2092[9]
2093[11]
2094[10]
2095[11]
2096[7]
2097[11]
2098[10]
2099[11]
2100[9]
2101[11]
2102[10]
2103[11]
2104[8]
2105[11]
2106[10]
2107[11]
2108[9]
2109[11]
2110[10]
2111[11]
2112[5]
2113[11]
2114[10]
2115[11]
2116[9]
2117[11]
2118[10]
2119[11]
2120[8]
2121[11]
2122[10]
2123[11]
2124[9]
2125[11]
2126[10]
2127[11]
2128[7]
2129[11]
2130[10]
2131[11]
2132[9]
2133[11]
2134[10]
2135[11]
2136[8]
2137[11]
2138[10]
2139[11]
2140[9]
2141[11]
2142[10]
2143[11]
2144[6]
2145[11]
2146[10]
2147[11]
2148[9]
2149[11]
2150[10]
2151[11]
2152[8]
2153[11]
2154[10]
2155[11]
2156[9]
2157[11]
2158[10]
2159[11]
2160[7]
2161[11]
2162[10]
2163[11]
2164[9]
2165[11]
2166[10]
2167[11]
2168[8]
2169[11]
2170[10]
2171[11]
2172[9]
2173[11]
2174[10]
2175[11]
2176[4]
2177[11]
2178[10]
2179[11]
2180[9]
2181[11]
2182[10]
2183[11]
2184[8]
2185[11]
2186[10]
2187[11]
2188[9]
2189[11]
2190[10]
2191[11]
2192[7]
2193[11]
2194[10]
2195[11]
2196[9]
2197[11]
2198[10]
2199[11]
2200[8]
2201[11]
2202[10]
2203[11]
2204[9]
2205[11]
2206[10]
2207[11]
2208[6]
2209[11]
2210[10]
2211[11]
2212[9]
2213[11]
2214[10]
2215[11]
2216[8]
2217[11]
2218[10]
2219[11]
2220[9]
2221[11]
2222[10]
2223[11]
2224[7]
2225[11]
2226[10]
2227[11]
2228[9]
2229[11]
2230[10]
2231[11]
2232[8]
2233[11]
2234[10]
2235[11]
2236[9]
2237[11]
2238[10]
2239[11]
2240[5]
2241[11]
2242[10]
2243[11]
2244[9]
2245[11]
2246[10]
2247[11]
2248[8]
2249[11]
2250[10]
2251[11]
2252[9]
2253[11]
2254[10]
2255[11]
2256[7]
2257[11]
2258[10]
2259[11]
2260[9]
2261[11]
2262[10]
2263[11]
2264[8]
2265[11]
2266[10]
2267[11]
2268[9]
2269[11]
2270[10]
2271[11]
2272[6]
2273[11]
2274[10]
2275[11]
2276[9]
2277[11]
2278[10]
2279[11]
2280[8]
2281[11]
2282[10]
2283[11]
2284[9]
2285[11]
2286[10]
2287[11]
2288[7]
2289[11]
2290[10]
2291[11]
2292[9]
2293[11]
2294[10]
2295[11]
2296[8]
2297[11]
2298[10]
2299[11]
2300[9]
2301[11]
2302[10]
2303[11]
2304[3]
2305[11]
2306[10]
2307[11]
2308[9]
2309[11]
2310[10]
2311[11]
2312[8]
2313[11]
2314[10]
2315[11]
2316[9]
2317[11]
2318[10]
2319[11]
2320[7]
2321[11]
2322[10]
2323[11]
2324[9]
2325[11]
2326[10]
2327[11]
2328[8]
2329[11]
2330[10]
2331[11]
2332[9]
2333[11]
2334[10]
2335[11]
2336[6]
2337[11]
2338[10]
2339[11]
2340[9]
2341[11]
2342[10]
2343[11]
2344[8]
2345[11]
2346[10]
2347[11]
2348[9]
2349[11]
2350[10]
2351[11]
2352[7]
2353[11]
2354[10]
2355[11]
2356[9]
2357[11]
2358[10]
2359[11]
2360[8]
2361[11]
2362[10]
2363[11]
2364[9]
2365[11]
2366[10]
2367[11]
2368[5]
2369[11]
2370[10]
2371[11]
2372[9]
2373[11]
2374[10]
2375[11]
2376[8]
2377[11]
2378[10]
2379[11]
2380[9]
2381[11]
2382[10]
2383[11]
2384[7]
2385[11]
2386[10]
2387[11]
2388[9]
2389[11]
2390[10]
2391[11]
2392[8]
2393[11]
2394[10]
2395[11]
2396[9]
2397[11]
2398[10]
2399[11]
2400[6]
2401[11]
2402[10]
2403[11]
2404[9]
2405[11]
2406[10]
2407[11]
2408[8]
2409[11]
2410[10]
2411[11]
2412[9]
2413[11]
2414[10]
2415[11]
2416[7]
2417[11]
2418[10]
2419[11]
2420[9]
2421[11]
2422[10]
2423[11]
2424[8]
2425[11]
2426[10]
2427[11]
2428[9]
2429[11]
2430[10]
2431[11]
2432[4]
2433[11]
2434[10]
2435[11]
2436[9]
2437[11]
2438[10]
2439[11]
2440[8]
2441[11]
2442[10]
2443[11]
2444[9]
2445[11]
2446[10]
2447[11]
2448[7]
2449[11]
2450[10]
2451[11]
2452[9]
2453[11]
2454[10]
2455[11]
2456[8]
2457[11]
2458[10]
2459[11]
2460[9]
2461[11]
2462[10]
2463[11]
2464[6]
2465[11]
2466[10]
2467[11]
2468[9]
2469[11]
2470[10]
2471[11]
2472[8]
2473[11]
2474[10]
2475[11]
2476[9]
2477[11]
2478[10]
2479[11]
2480[7]
2481[11]
2482[10]
2483[11]
2484[9]
2485[11]
2486[10]
2487[11]
2488[8]
2489[11]
2490[10]
2491[11]
2492[9]
2493[11]
2494[10]
2495[11]
2496[5]
2497[11]
2498[10]
2499[11]
2500[9]
2501[11]
2502[10]
2503[11]
2504[8]
2505[11]
2506[10]
2507[11]
2508[9]
2509[11]
2510[10]
2511[11]
2512[7]
2513[11]
2514[10]
2515[11]
2516[9]
2517[11]
2518[10]
2519[11]
2520[8]
2521[11]
2522[10]
2523[11]
2524[9]
2525[11]
2526[10]
2527[11]
2528[6]
2529[11]
2530[10]
2531[11]
2532[9]
2533[11]
2534[10]
2535[11]
2536[8]
2537[11]
2538[10]
2539[11]
2540[9]
2541[11]
2542[10]
2543[11]
2544[7]
2545[11]
2546[10]
2547[11]
2548[9]
2549[11]
2550[10]
2551[11]
2552[8]
2553[11]
2554[10]
2555[11]
2556[9]
2557[11]
2558[10]
2559[11]
2560[2]
2561[11]
2562[10]
2563[11]
2564[9]
2565[11]
2566[10]
2567[11]
2568[8]
2569[11]
2570[10]
2571[11]
2572[9]
2573[11]
2574[10]
2575[11]
2576[7]
2577[11]
2578[10]
2579[11]
2580[9]
2581[11]
2582[10]
2583[11]
2584[8]
2585[11]
2586[10]
2587[11]
2588[9]
2589[11]
2590[10]
2591[11]
2592[6]
2593[11]
2594[10]
2595[11]
2596[9]
2597[11]
2598[10]
2599[11]
2600[8]
2601[11]
2602[10]
2603[11]
2604[9]
2605[11]
2606[10]
2607[11]
2608[7]
2609[11]
2610[10]
2611[11]
2612[9]
2613[11]
2614[10]
2615[11]
2616[8]
2617[11]
2618[10]
2619[11]
2620[9]
2621[11]
2622[10]
2623[11]
2624[5]
2625[11]
2626[10]
2627[11]
2628[9]
2629[11]
2630[10]
2631[11]
2632[8]
2633[11]
2634[10]
2635[11]
2636[9]
2637[11]
2638[10]
2639[11]
2640[7]
2641[11]
2642[10]
2643[11]
2644[9]
2645[11]
2646[10]
2647[11]
2648[8]
2649[11]
2650[10]
2651[11]
2652[9]
2653[11]
2654[10]
2655[11]
2656[6]
2657[11]
2658[10]
2659[11]
2660[9]
2661[11]
2662[10]
2663[11]
2664[8]
2665[11]
2666[10]
2667[11]
2668[9]
2669[11]
2670[10]
2671[11]
2672[7]
2673[11]
2674[10]
2675[11]
2676[9]
2677[11]
2678[10]
2679[11]
2680[8]
2681[11]
2682[10]
2683[11]
2684[9]
2685[11]
2686[10]
2687[11]
2688[4]
2689[11]
2690[10]
2691[11]
2692[9]
2693[11]
2694[10]
2695[11]
2696[8]
2697[11]
2698[10]
2699[11]
2700[9]
2701[11]
2702[10]
2703[11]
2704[7]
2705[11]
2706[10]
2707[11]
2708[9]
2709[11]
2710[10]
2711[11]
2712[8]
2713[11]
2714[10]
2715[11]
2716[9]
2717[11]
2718[10]
2719[11]
2720[6]
2721[11]
2722[10]
2723[11]
2724[9]
2725[11]
2726[10]
2727[11]
2728[8]
2729[11]
2730[10]
2731[11]
2732[9]
2733[11]
2734[10]
2735[11]
2736[7]
2737[11]
2738[10]
2739[11]
2740[9]
2741[11]
2742[10]
2743[11]
2744[8]
2745[11]
2746[10]
2747[11]
2748[9]
2749[11]
2750[10]
2751[11]
2752[5]
2753[11]
2754[10]
2755[11]
2756[9]
2757[11]
2758[10]
2759[11]
2760[8]
2761[11]
2762[10]
2763[11]
2764[9]
2765[11]
2766[10]
2767[11]
2768[7]
2769[11]
2770[10]
2771[11]
2772[9]
2773[11]
2774[10]
2775[11]
2776[8]
2777[11]
2778[10]
2779[11]
2780[9]
2781[11]
2782[10]
2783[11]
2784[6]
2785[11]
2786[10]
2787[11]
2788[9]
2789[11]
2790[10]
2791[11]
2792[8]
2793[11]
2794[10]
2795[11]
2796[9]
2797[11]
2798[10]
2799[11]
2800[7]
2801[11]
2802[10]
2803[11]
2804[9]
2805[11]
2806[10]
2807[11]
2808[8]
2809[11]
2810[10]
2811[11]
2812[9]
2813[11]
2814[10]
2815[11]
2816[3]
2817[11]
2818[10]
2819[11]
2820[9]
2821[11]
2822[10]
2823[11]
2824[8]
2825[11]
2826[10]
2827[11]
2828[9]
2829[11]
2830[10]
2831[11]
2832[7]
2833[11]
2834[10]
2835[11]
2836[9]
2837[11]
2838[10]
2839[11]
2840[8]
2841[11]
2842[10]
2843[11]
2844[9]
2845[11]
2846[10]
2847[11]
2848[6]
2849[11]
2850[10]
2851[11]
2852[9]
2853[11]
2854[10]
2855[11]
2856[8]
2857[11]
2858[10]
2859[11]
2860[9]
2861[11]
2862[10]
2863[11]
2864[7]
2865[11]
2866[10]
2867[11]
2868[9]
2869[11]
2870[10]
2871[11]
2872[8]
2873[11]
2874[10]
2875[11]
2876[9]
2877[11]
2878[10]
2879[11]
2880[5]
2881[11]
2882[10]
2883[11]
2884[9]
2885[11]
2886[10]
2887[11]
2888[8]
2889[11]
2890[10]
2891[11]
2892[9]
2893[11]
2894[10]
2895[11]
2896[7]
2897[11]
2898[10]
2899[11]
2900[9]
2901[11]
2902[10]
2903[11]
2904[8]
2905[11]
2906[10]
2907[11]
2908[9]
2909[11]
2910[10]
2911[11]
2912[6]
2913[11]
2914[10]
2915[11]
2916[9]
2917[11]
2918[10]
2919[11]
2920[8]
2921[11]
2922[10]
2923[11]
2924[9]
2925[11]
2926[10]
2927[11]
2928[7]
2929[11]
2930[10]
2931[11]
2932[9]
2933[11]
2934[10]
2935[11]
2936[8]
2937[11]
2938[10]
2939[11]
2940[9]
2941[11]
2942[10]
2943[11]
2944[4]
2945[11]
2946[10]
2947[11]
2948[9]
2949[11]
2950[10]
2951[11]
2952[8]
2953[11]
2954[10]
2955[11]
2956[9]
2957[11]
2958[10]
2959[11]
2960[7]
2961[11]
2962[10]
2963[11]
2964[9]
2965[11]
2966[10]
2967[11]
2968[8]
2969[11]
2970[10]
2971[11]
2972[9]
2973[11]
2974[10]
2975[11]
2976[6]
2977[11]
2978[10]
2979[11]
2980[9]
2981[11]
2982[10]
2983[11]
2984[8]
2985[11]
2986[10]
2987[11]
2988[9]
2989[11]
2990[10]
2991[11]
2992[7]
2993[11]
2994[10]
2995[11]
2996[9]
2997[11]
2998[10]
2999[11]
3000[8]
3001[11]
3002[10]
3003[11]
3004[9]
3005[11]
3006[10]
3007[11]
3008[5]
3009[11]
3010[10]
3011[11]
3012[9]
3013[11]
3014[10]
3015[11]
3016[8]
3017[11]
3018[10]
3019[11]
3020[9]
3021[11]
3022[10]
3023[11]
3024[7]
3025[11]
3026[10]
3027[11]
3028[9]
3029[11]
3030[10]
3031[11]
3032[8]
3033[11]
3034[10]
3035[11]
3036[9]
3037[11]
3038[10]
3039[11]
3040[6]
3041[11]
3042[10]
3043[11]
3044[9]
3045[11]
3046[10]
3047[11]
3048[8]
3049[11]
3050[10]
3051[11]
3052[9]
3053[11]
3054[10]
3055[11]
3056[7]
3057[11]
3058[10]
3059[11]
3060[9]
3061[11]
3062[10]
3063[11]
3064[8]
3065[11]
3066[10]
3067[11]
3068[9]
3069[11]
3070[10]
3071[11]
3072[1]
3073[11]
3074[10]
3075[11]
3076[9]
3077[11]
3078[10]
3079[11]
3080[8]
3081[11]
3082[10]
3083[11]
3084[9]
3085[11]
3086[10]
3087[11]
3088[7]
3089[11]
3090[10]
3091[11]
3092[9]
3093[11]
3094[10]
3095[11]
3096[8]
3097[11]
3098[10]
3099[11]
3100[9]
3101[11]
3102[10]
3103[11]
3104[6]
3105[11]
3106[10]
3107[11]
3108[9]
3109[11]
3110[10]
3111[11]
3112[8]
3113[11]
3114[10]
3115[11]
3116[9]
3117[11]
3118[10]
3119[11]
3120[7]
3121[11]
3122[10]
3123[11]
3124[9]
3125[11]
3126[10]
3127[11]
3128[8]
3129[11]
3130[10]
3131[11]
3132[9]
3133[11]
3134[10]
3135[11]
3136[5]
3137[11]
3138[10]
3139[11]
3140[9]
3141[11]
3142[10]
3143[11]
3144[8]
3145[11]
3146[10]
3147[11]
3148[9]
3149[11]
3150[10]
3151[11]
3152[7]
3153[11]
3154[10]
3155[11]
3156[9]
3157[11]
3158[10]
3159[11]
3160[8]
3161[11]
3162[10]
3163[11]
3164[9]
3165[11]
3166[10]
3167[11]
3168[6]
3169[11]
3170[10]
3171[11]
3172[9]
3173[11]
3174[10]
3175[11]
3176[8]
3177[11]
3178[10]
3179[11]
3180[9]
3181[11]
3182[10]
3183[11]
3184[7]
3185[11]
3186[10]
3187[11]
3188[9]
3189[11]
3190[10]
3191[11]
3192[8]
3193[11]
3194[10]
3195[11]
3196[9]
3197[11]
3198[10]
3199[11]
3200[4]
3201[11]
3202[10]
3203[11]
3204[9]
3205[11]
3206[10]
3207[11]
3208[8]
3209[11]
3210[10]
3211[11]
3212[9]
3213[11]
3214[10]
3215[11]
3216[7]
3217[11]
3218[10]
3219[11]
3220[9]
3221[11]
3222[10]
3223[11]
3224[8]
3225[11]
3226[10]
3227[11]
3228[9]
3229[11]
3230[10]
3231[11]
3232[6]
3233[11]
3234[10]
3235[11]
3236[9]
3237[11]
3238[10]
3239[11]
3240[8]
3241[11]
3242[10]
3243[11]
3244[9]
3245[11]
3246[10]
3247[11]
3248[7]
3249[11]
3250[10]
3251[11]
3252[9]
3253[11]
3254[10]
3255[11]
3256[8]
3257[11]
3258[10]
3259[11]
3260[9]
3261[11]
3262[10]
3263[11]
3264[5]
3265[11]
3266[10]
3267[11]
3268[9]
3269[11]
3270[10]
3271[11]
3272[8]
3273[11]
3274[10]
3275[11]
3276[9]
3277[11]
3278[10]
3279[11]
3280[7]
3281[11]
3282[10]
3283[11]
3284[9]
3285[11]
3286[10]
3287[11]
3288[8]
3289[11]
3290[10]
3291[11]
3292[9]
3293[11]
3294[10]
3295[11]
3296[6]
3297[11]
3298[10]
3299[11]
3300[9]
3301[11]
3302[10]
3303[11]
3304[8]
3305[11]
3306[10]
3307[11]
3308[9]
3309[11]
3310[10]
3311[11]
3312[7]
3313[11]
3314[10]
3315[11]
3316[9]
3317[11]
3318[10]
3319[11]
3320[8]
3321[11]
3322[10]
3323[11]
3324[9]
3325[11]
3326[10]
3327[11]
3328[3]
3329[11]
3330[10]
3331[11]
3332[9]
3333[11]
3334[10]
3335[11]
3336[8]
3337[11]
3338[10]
3339[11]
3340[9]
3341[11]
3342[10]
3343[11]
3344[7]
3345[11]
3346[10]
3347[11]
3348[9]
3349[11]
3350[10]
3351[11]
3352[8]
3353[11]
3354[10]
3355[11]
3356[9]
3357[11]
3358[10]
3359[11]
3360[6]
3361[11]
3362[10]
3363[11]
3364[9]
3365[11]
3366[10]
3367[11]
3368[8]
3369[11]
3370[10]
3371[11]
3372[9]
3373[11]
3374[10]
3375[11]
3376[7]
3377[11]
3378[10]
3379[11]
3380[9]
3381[11]
3382[10]
3383[11]
3384[8]
3385[11]
3386[10]
3387[11]
3388[9]
3389[11]
3390[10]
3391[11]
3392[5]
3393[11]
3394[10]
3395[11]
3396[9]
3397[11]
3398[10]
3399[11]
3400[8]
3401[11]
3402[10]
3403[11]
3404[9]
3405[11]
3406[10]
3407[11]
3408[7]
3409[11]
3410[10]
3411[11]
3412[9]
3413[11]
3414[10]
3415[11]
3416[8]
3417[11]
3418[10]
3419[11]
3420[9]
3421[11]
3422[10]
3423[11]
3424[6]
3425[11]
3426[10]
3427[11]
3428[9]
3429[11]
3430[10]
3431[11]
3432[8]
3433[11]
3434[10]
3435[11]
3436[9]
3437[11]
3438[10]
3439[11]
3440[7]
3441[11]
3442[10]
3443[11]
3444[9]
3445[11]
3446[10]
3447[11]
3448[8]
3449[11]
3450[10]
3451[11]
3452[9]
3453[11]
3454[10]
3455[11]
3456[4]
3457[11]
3458[10]
3459[11]
3460[9]
3461[11]
3462[10]
3463[11]
3464[8]
3465[11]
3466[10]
3467[11]
3468[9]
3469[11]
3470[10]
3471[11]
3472[7]
3473[11]
3474[10]
3475[11]
3476[9]
3477[11]
3478[10]
3479[11]
3480[8]
3481[11]
3482[10]
3483[11]
3484[9]
3485[11]
3486[10]
3487[11]
3488[6]
3489[11]
3490[10]
3491[11]
3492[9]
3493[11]
3494[10]
3495[11]
3496[8]
3497[11]
3498[10]
3499[11]
3500[9]
3501[11]
3502[10]
3503[11]
3504[7]
3505[11]
3506[10]
3507[11]
3508[9]
3509[11]
3510[10]
3511[11]
3512[8]
3513[11]
3514[10]
3515[11]
3516[9]
3517[11]
3518[10]
3519[11]
3520[5]
3521[11]
3522[10]
3523[11]
3524[9]
3525[11]
3526[10]
3527[11]
3528[8]
3529[11]
3530[10]
3531[11]
3532[9]
3533[11]
3534[10]
3535[11]
3536[7]
3537[11]
3538[10]
3539[11]
3540[9]
3541[11]
3542[10]
3543[11]
3544[8]
3545[11]
3546[10]
3547[11]
3548[9]
3549[11]
3550[10]
3551[11]
3552[6]
3553[11]
3554[10]
3555[11]
3556[9]
3557[11]
3558[10]
3559[11]
3560[8]
3561[11]
3562[10]
3563[11]
3564[9]
3565[11]
3566[10]
3567[11]
3568[7]
3569[11]
3570[10]
3571[11]
3572[9]
3573[11]
3574[10]
3575[11]
3576[8]
3577[11]
3578[10]
3579[11]
3580[9]
3581[11]
3582[10]
3583[11]
3584[2]
3585[11]
3586[10]
3587[11]
3588[9]
3589[11]
3590[10]
3591[11]
3592[8]
3593[11]
3594[10]
3595[11]
3596[9]
3597[11]
3598[10]
3599[11]
3600[7]
3601[11]
3602[10]
3603[11]
3604[9]
3605[11]
3606[10]
3607[11]
3608[8]
3609[11]
3610[10]
3611[11]
3612[9]
3613[11]
3614[10]
3615[11]
3616[6]
3617[11]
3618[10]
3619[11]
3620[9]
3621[11]
3622[10]
3623[11]
3624[8]
3625[11]
3626[10]
3627[11]
3628[9]
3629[11]
3630[10]
3631[11]
3632[7]
3633[11]
3634[10]
3635[11]
3636[9]
3637[11]
3638[10]
3639[11]
3640[8]
3641[11]
3642[10]
3643[11]
3644[9]
3645[11]
3646[10]
3647[11]
3648[5]
3649[11]
3650[10]
3651[11]
3652[9]
3653[11]
3654[10]
3655[11]
3656[8]
3657[11]
3658[10]
3659[11]
3660[9]
3661[11]
3662[10]
3663[11]
3664[7]
3665[11]
3666[10]
3667[11]
3668[9]
3669[11]
3670[10]
3671[11]
3672[8]
3673[11]
3674[10]
3675[11]
3676[9]
3677[11]
3678[10]
3679[11]
3680[6]
3681[11]
3682[10]
3683[11]
3684[9]
3685[11]
3686[10]
3687[11]
3688[8]
3689[11]
3690[10]
3691[11]
3692[9]
3693[11]
3694[10]
3695[11]
3696[7]
3697[11]
3698[10]
3699[11]
3700[9]
3701[11]
3702[10]
3703[11]
3704[8]
3705[11]
3706[10]
3707[11]
3708[9]
3709[11]
3710[10]
3711[11]
3712[4]
3713[11]
3714[10]
3715[11]
3716[9]
3717[11]
3718[10]
3719[11]
3720[8]
3721[11]
3722[10]
3723[11]
3724[9]
3725[11]
3726[10]
3727[11]
3728[7]
3729[11]
3730[10]
3731[11]
3732[9]
3733[11]
3734[10]
3735[11]
3736[8]
3737[11]
3738[10]
3739[11]
3740[9]
3741[11]
3742[10]
3743[11]
3744[6]
3745[11]
3746[10]
3747[11]
3748[9]
3749[11]
3750[10]
3751[11]
3752[8]
3753[11]
3754[10]
3755[11]
3756[9]
3757[11]
3758[10]
3759[11]
3760[7]
3761[11]
3762[10]
3763[11]
3764[9]
3765[11]
3766[10]
3767[11]
3768[8]
3769[11]
3770[10]
3771[11]
3772[9]
3773[11]
3774[10]
3775[11]
3776[5]
3777[11]
3778[10]
3779[11]
3780[9]
3781[11]
3782[10]
3783[11]
3784[8]
3785[11]
3786[10]
3787[11]
3788[9]
3789[11]
3790[10]
3791[11]
3792[7]
3793[11]
3794[10]
3795[11]
3796[9]
3797[11]
3798[10]
3799[11]
3800[8]
3801[11]
3802[10]
3803[11]
3804[9]
3805[11]
3806[10]
3807[11]
3808[6]
3809[11]
3810[10]
3811[11]
3812[9]
3813[11]
3814[10]
3815[11]
3816[8]
3817[11]
3818[10]
3819[11]
3820[9]
3821[11]
3822[10]
3823[11]
3824[7]
3825[11]
3826[10]
3827[11]
3828[9]
3829[11]
3830[10]
3831[11]
3832[8]
3833[11]
3834[10]
3835[11]
3836[9]
3837[11]
3838[10]
3839[11]
3840[3]
3841[11]
3842[10]
3843[11]
3844[9]
3845[11]
3846[10]
3847[11]
3848[8]
3849[11]
3850[10]
3851[11]
3852[9]
3853[11]
3854[10]
3855[11]
3856[7]
3857[11]
3858[10]
3859[11]
3860[9]
3861[11]
3862[10]
3863[11]
3864[8]
3865[11]
3866[10]
3867[11]
3868[9]
3869[11]
3870[10]
3871[11]
3872[6]
3873[11]
3874[10]
3875[11]
3876[9]
3877[11]
3878[10]
3879[11]
3880[8]
3881[11]
3882[10]
3883[11]
3884[9]
3885[11]
3886[10]
3887[11]
3888[7]
3889[11]
3890[10]
3891[11]
3892[9]
3893[11]
3894[10]
3895[11]
3896[8]
3897[11]
3898[10]
3899[11]
3900[9]
3901[11]
3902[10]
3903[11]
3904[5]
3905[11]
3906[10]
3907[11]
3908[9]
3909[11]
3910[10]
3911[11]
3912[8]
3913[11]
3914[10]
3915[11]
3916[9]
3917[11]
3918[10]
3919[11]
3920[7]
3921[11]
3922[10]
3923[11]
3924[9]
3925[11]
3926[10]
3927[11]
3928[8]
3929[11]
3930[10]
3931[11]
3932[9]
3933[11]
3934[10]
3935[11]
3936[6]
3937[11]
3938[10]
3939[11]
3940[9]
3941[11]
3942[10]
3943[11]
3944[8]
3945[11]
3946[10]
3947[11]
3948[9]
3949[11]
3950[10]
3951[11]
3952[7]
3953[11]
3954[10]
3955[11]
3956[9]
3957[11]
3958[10]
3959[11]
3960[8]
3961[11]
3962[10]
3963[11]
3964[9]
3965[11]
3966[10]
3967[11]
3968[4]
3969[11]
3970[10]
3971[11]
3972[9]
3973[11]
3974[10]
3975[11]
3976[8]
3977[11]
3978[10]
3979[11]
3980[9]
3981[11]
3982[10]
3983[11]
3984[7]
3985[11]
3986[10]
3987[11]
3988[9]
3989[11]
3990[10]
3991[11]
3992[8]
3993[11]
3994[10]
3995[11]
3996[9]
3997[11]
3998[10]
3999[11]
4000[6]
4001[11]
4002[10]
4003[11]
4004[9]
4005[11]
4006[10]
4007[11]
4008[8]
4009[11]
4010[10]
4011[11]
4012[9]
4013[11]
4014[10]
4015[11]
4016[7]
4017[11]
4018[10]
4019[11]
4020[9]
4021[11]
4022[10]
4023[11]
4024[8]
4025[11]
4026[10]
4027[11]
4028[9]
4029[11]
4030[10]
4031[11]
4032[5]
4033[11]
4034[10]
4035[11]
4036[9]
4037[11]
4038[10]
4039[11]
4040[8]
4041[11]
4042[10]
4043[11]
4044[9]
4045[11]
4046[10]
4047[11]
4048[7]
4049[11]
4050[10]
4051[11]
4052[9]
4053[11]
4054[10]
4055[11]
4056[8]
4057[11]
4058[10]
4059[11]
4060[9]
4061[11]
4062[10]
4063[11]
4064[6]
4065[11]
4066[10]
4067[11]
4068[9]
4069[11]
4070[10]
4071[11]
4072[8]
4073[11]
4074[10]
4075[11]
4076[9]
4077[11]
4078[10]
4079[11]
4080[7]
4081[11]
4082[10]
4083[11]
4084[9]
4085[11]
4086[10]
4087[11]
4088[8]
4089[11]
4090[10]
4091[11]
4092[9]
4093[11]
4094[10]
4095[11]
2[10]
3[11]
4[9]
5[11]
6[10]
7[11]
8[8]
9[11]
10[10]
11[11]
12[9]
13[11]
14[10]
15[11]
16[7]
17[11]
18[10]
19[11]
20[9]
21[11]
22[10]
23[11]
24[8]
25[11]
26[10]
27[11]
28[9]
29[11]
30[10]
31[11]
32[6]
33[11]
34[10]
35[11]
36[9]
37[11]
38[10]
39[11]
40[8]
41[11]
42[10]
43[11]
44[9]
45[11]
46[10]
47[11]
48[7]
49[11]
50[10]
51[11]
52[9]
53[11]
54[10]
55[11]
56[8]
57[11]
58[10]
59[11]
60[9]
61[11]
62[10]
63[11]
64[5]
65[11]
66[10]
67[11]
68[9]
69[11]
70[10]
71[11]
72[8]
73[11]
74[10]
75[11]
76[9]
77[11]
78[10]
79[11]
80[7]
81[11]
82[10]
83[11]
84[9]
85[11]
86[10]
87[11]
88[8]
89[11]
90[10]
91[11]
92[9]
93[11]
94[10]
95[11]
96[6]
97[11]
98[10]
99[11]
100[9]
101[11]
102[10]
103[11]
104[8]
105[11]
106[10]
107[11]
108[9]
109[11]
110[10]
111[11]
112[7]
113[11]
114[10]
115[11]
116[9]
117[11]
118[10]
119[11]
120[8]
121[11]
122[10]
123[11]
124[9]
125[11]
126[10]
127[11]
128[4]
129[11]
130[10]
131[11]
132[9]
133[11]
134[10]
135[11]
136[8]
137[11]
138[10]
139[11]
140[9]
141[11]
142[10]
143[11]
144[7]
145[11]
146[10]
147[11]
148[9]
149[11]
150[10]
151[11]
152[8]
153[11]
154[10]
155[11]
156[9]
157[11]
158[10]
159[11]
160[6]
161[11]
162[10]
163[11]
164[9]
165[11]
166[10]
167[11]
168[8]
169[11]
170[10]
171[11]
172[9]
173[11]
174[10]
175[11]
176[7]
177[11]
178[10]
179[11]
180[9]
181[11]
182[10]
183[11]
184[8]
185[11]
186[10]
187[11]
188[9]
189[11]
190[10]
191[11]
192[5]
193[11]
194[10]
195[11]
196[9]
197[11]
198[10]
199[11]
200[8]
201[11]
202[10]
203[11]
204[9]
205[11]
206[10]
207[11]
208[7]
209[11]
210[10]
211[11]
212[9]
213[11]
214[10]
215[11]
216[8]
217[11]
218[10]
219[11]
220[9]
221[11]
222[10]
223[11]
224[6]
225[11]
226[10]
227[11]
228[9]
229[11]
230[10]
231[11]
232[8]
233[11]
234[10]
235[11]
236[9]
237[11]
238[10]
239[11]
240[7]
241[11]
242[10]
243[11]
244[9]
245[11]
246[10]
247[11]
248[8]
249[11]
250[10]
251[11]
252[9]
253[11]
254[10]
255[11]
256[3]
257[11]
258[10]
259[11]
260[9]
261[11]
262[10]
263[11]
264[8]
265[11]
266[10]
267[11]
268[9]
269[11]
270[10]
271[11]
272[7]
273[11]
274[10]
275[11]
276[9]
277[11]
278[10]
279[11]
280[8]
281[11]
282[10]
283[11]
284[9]
285[11]
286[10]
287[11]
288[6]
289[11]
290[10]
291[11]
292[9]
293[11]
294[10]
295[11]
296[8]
297[11]
298[10]
299[11]
300[9]
301[11]
302[10]
303[11]
304[7]
305[11]
306[10]
307[11]
308[9]
309[11]
310[10]
311[11]
312[8]
313[11]
314[10]
315[11]
316[9]
317[11]
318[10]
319[11]
320[5]
321[11]
322[10]
323[11]
324[9]
325[11]
326[10]
327[11]
328[8]
329[11]
330[10]
331[11]
332[9]
333[11]
334[10]
335[11]
336[7]
337[11]
338[10]
339[11]
340[9]
341[11]
342[10]
343[11]
344[8]
345[11]
346[10]
347[11]
348[9]
349[11]
350[10]
351[11]
352[6]
353[11]
354[10]
355[11]
356[9]
357[11]
358[10]
359[11]
360[8]
361[11]
362[10]
363[11]
364[9]
365[11]
366[10]
367[11]
368[7]
369[11]
370[10]
371[11]
372[9]
373[11]
374[10]
375[11]
376[8]
377[11]
378[10]
379[11]
380[9]
381[11]
382[10]
383[11]
384[4]
385[11]
386[10]
387[11]
388[9]
389[11]
390[10]
391[11]
392[8]
393[11]
394[10]
395[11]
396[9]
397[11]
398[10]
399[11]
400[7]
401[11]
402[10]
403[11]
404[9]
405[11]
406[10]
407[11]
408[8]
409[11]
410[10]
411[11]
412[9]
413[11]
414[10]
415[11]
416[6]
417[11]
418[10]
419[11]
420[9]
421[11]
422[10]
423[11]
424[8]
425[11]
426[10]
427[11]
428[9]
429[11]
430[10]
431[11]
432[7]
