2[6]
3[7]
4[5]
5[7]
6[6]
7[7]
8[4]
9[7]
10[6]
11[7]
12[5]
13[7]
14[6]
15[7]
16[3]
17[7]
18[6]
19[7]
20[5]
21[7]
22[6]
23[7]
24[4]
25[7]
26[6]
27[7]
28[5]
29[7]
30[6]
31[7]
32[2]
33[7]
34[6]
35[7]
36[5]
37[7]
38[6]
39[7]
40[4]
41[7]
42[6]
43[7]
44[5]
45[7]
46[6]
47[7]
48[3]
49[7]
50[6]
51[7]
52[5]
53[7]
54[6]
55[7]
56[4]
57[7]
58[6]
59[7]
60[5]
61[7]
62[6]
63[7]
64[1]
65[7]
66[6]
67[7]
68[5]
69[7]
70[6]
71[7]
72[4]
73[7]
74[6]
75[7]
76[5]
77[7]
78[6]
79[7]
80[3]
81[7]
82[6]
83[7]
84[5]
85[7]
86[6]
87[7]
88[4]
89[7]
90[6]
91[7]
92[5]
93[7]
94[6]
95[7]
96[2]
97[7]
98[6]
99[7]
100[5]
101[7]
102[6]
103[7]
104[4]
105[7]
106[6]
107[7]
108[5]
109[7]
110[6]
111[7]
112[3]
113[7]
114[6]
115[7]
116[5]
117[7]
118[6]
119[7]
120[4]
121[7]
122[6]
123[7]
124[5]
125[7]
126[6]
127[7]
128[0]
129[7]
130[6]
131[7]
132[5]
133[7]
134[6]
135[7]
136[4]
137[7]
138[6]
139[7]
140[5]
141[7]
142[6]
143[7]
144[3]
145[7]
146[6]
147[7]
148[5]
149[7]
150[6]
151[7]
152[4]
153[7]
154[6]
155[7]
156[5]
157[7]
158[6]
159[7]
160[2]
161[7]
162[6]
163[7]
164[5]
165[7]
166[6]
167[7]
168[4]
169[7]
170[6]
171[7]
172[5]
173[7]
174[6]
175[7]
176[3]
177[7]
178[6]
179[7]
180[5]
181[7]
182[6]
183[7]
184[4]
185[7]
186[6]
187[7]
188[5]
189[7]
190[6]
191[7]
192[1]
193[7]
194[6]
195[7]
196[5]
197[7]
198[6]
199[7]
200[4]
201[7]
202[6]
203[7]
204[5]
205[7]
206[6]
207[7]
208[3]
209[7]
210[6]
211[7]
212[5]
213[7]
214[6]
215[7]
216[4]
217[7]
218[6]
219[7]
220[5]
221[7]
222[6]
223[7]
224[2]
225[7]
226[6]
227[7]
228[5]
229[7]
230[6]
231[7]
232[4]
233[7]
234[6]
235[7]
236[5]
237[7]
238[6]
239[7]
240[3]
241[7]
242[6]
243[7]
244[5]
245[7]
246[6]
247[7]
248[4]
249[7]
250[6]
251[7]
252[5]
253[7]
254[6]
255[7]
2[6]
3[7]
4[5]
5[7]
6[6]
7[7]
8[4]
9[7]
10[6]
11[7]
12[5]
13[7]
14[6]
15[7]
16[3]
17[7]
18[6]
19[7]
20[5]
21[7]
22[6]
23[7]
24[4]
25[7]
26[6]
27[7]
28[5]
29[7]
30[6]
31[7]
32[2]
33[7]
34[6]
35[7]
36[5]
37[7]
38[6]
39[7]
40[4]
41[7]
42[6]
43[7]
44[5]
45[7]
46[6]
47[7]
48[3]
49[7]
50[6]
51[7]
52[5]
53[7]
54[6]
55[7]
56[4]
57[7]
58[6]
59[7]
60[5]
61[7]
62[6]
63[7]
64[1]
65[7]
66[6]
67[7]
68[5]
69[7]
70[6]
71[7]
72[4]
73[7]
74[6]
75[7]
76[5]
77[7]
78[6]
79[7]
80[3]
81[7]
82[6]
83[7]
84[5]
85[7]
86[6]
87[7]
88[4]
89[7]
90[6]
91[7]
92[5]
93[7]
94[6]
95[7]
96[2]
97[7]
98[6]
99[7]
100[5]
101[7]
102[6]
103[7]
104[4]
105[7]
106[6]
107[7]
108[5]
109[7]
110[6]
111[7]
112[3]
113[7]
114[6]
115[7]
116[5]
117[7]
118[6]
119[7]
120[4]
121[7]
122[6]
123[7]
124[5]
125[7]
126[6]
127[7]
128[0]
129[7]
130[6]
131[7]
132[5]
133[7]
134[6]
135[7]
136[4]
137[7]
138[6]
139[7]
140[5]
141[7]
142[6]
143[7]
144[3]
145[7]
146[6]
147[7]
148[5]
149[7]
150[6]
151[7]
152[4]
153[7]
154[6]
155[7]
156[5]
157[7]
158[6]
159[7]
160[2]
161[7]
162[6]
163[7]
164[5]
165[7]
166[6]
167[7]
168[4]
169[7]
170[6]
171[7]
172[5]
173[7]
174[6]
175[7]
176[3]
177[7]
178[6]
179[7]
180[5]
181[7]
182[6]
183[7]
184[4]
185[7]
186[6]
187[7]
188[5]
189[7]
190[6]
191[7]
192[1]
193[7]
194[6]
195[7]
196[5]
197[7]
198[6]
199[7]
200[4]
201[7]
202[6]
203[7]
204[5]
205[7]
206[6]
207[7]
208[3]
209[7]
210[6]
211[7]
212[5]
213[7]
214[6]
215[7]
216[4]
217[7]
218[6]
219[7]
220[5]
221[7]
222[6]
223[7]
224[2]
225[7]
226[6]
227[7]
228[5]
229[7]
230[6]
231[7]
232[4]
233[7]
234[6]
235[7]
236[5]
237[7]
238[6]
239[7]
240[3]
241[7]
242[6]
243[7]
244[5]
245[7]
246[6]
247[7]
248[4]
249[7]
250[6]
251[7]
252[5]
253[7]
254[6]
255[7]
