1[4]
2[3]
3[9]
4[8]
5[9]
6[7]
7[11]
8[10]
9[9]
10[12]
11[11]
12[13]
13[12]
14[13]
15[10]
16[12]
17[11]
18[8]
19[9]
20[12]
21[11]
22[13]
23[12]
24[10]
25[11]
26[6]
27[7]
28[5]
29[6]
30[4]
31[5]
32[2]
33[4]
34[5]
35[7]
36[6]
37[7]
38[3]
39[4]
40[1]
41[10]
42[9]
43[8]
44[7]
45[6]
46[10]
47[9]
48[10]
49[12]
50[13]
51[11]
52[8]
53[11]
54[10]
55[11]
56[9]
57[7]
58[13]
59[12]
60[13]
61[14]
62[11]
63[16]
64[15]
65[14]
67[13]
68[14]
69[12]
70[14]
71[13]
72[10]
73[11]
74[9]
75[13]
76[12]
77[11]
78[10]
79[11]
80[12]
81[8]
82[12]
83[11]
84[10]
85[11]
86[9]
87[10]
88[11]
89[5]
90[8]
91[7]
92[6]
93[4]
94[3]
95[5]
96[8]
97[9]
98[7]
99[8]
100[9]
101[6]
102[7]
103[9]
104[8]
105[4]
106[7]
107[6]
108[8]
109[9]
110[10]
111[7]
112[9]
113[8]
114[5]
115[7]
116[6]
117[2]
118[7]
119[6]
120[7]
121[8]
122[5]
123[7]
124[6]
125[7]
126[4]
127[7]
128[6]
129[9]
130[10]
131[8]
132[10]
133[9]
134[7]
135[10]
136[9]
137[8]
138[9]
139[10]
140[5]
141[6]
142[3]
143[4]
144[5]
145[6]
146[0]
147[5]
148[4]
149[3]
150[6]
151[5]
152[8]
153[7]
154[8]
155[6]
156[8]
157[7]
158[8]
159[4]
160[8]
161[7]
162[12]
163[11]
164[10]
165[13]
166[12]
167[11]
168[9]
169[8]
170[10]
171[9]
172[10]
173[6]
174[9]
175[8]
176[7]
177[9]
178[8]
179[9]
180[5]
181[8]
182[9]
183[7]
184[8]
185[9]
186[10]
187[11]
188[6]
189[7]
190[2]
191[6]
192[5]
193[9]
194[8]
195[7]
196[8]
197[6]
198[4]
199[7]
200[6]
201[5]
202[6]
203[3]
204[1]
205[8]
206[9]
207[7]
208[8]
209[6]
210[8]
211[7]
212[5]
213[7]
214[6]
215[8]
216[10]
217[9]
218[7]
219[8]
220[9]
221[4]
222[6]
223[7]
224[5]
225[7]
226[8]
227[9]
228[6]
229[7]
230[11]
231[12]
232[10]
233[12]
234[11]
235[9]
236[11]
237[10]
238[13]
239[12]
240[11]
241[12]
242[8]
243[3]
244[6]
245[5]
246[4]
247[6]
248[5]
249[2]
250[6]
251[5]
252[4]
253[3]
254[5]
255[4]
