2[7]
3[8]
4[6]
5[8]
6[7]
7[8]
8[5]
9[8]
10[7]
11[8]
12[6]
13[8]
14[7]
15[8]
16[4]
17[8]
18[7]
19[8]
20[6]
21[8]
22[7]
23[8]
24[5]
25[8]
26[7]
27[8]
28[6]
29[8]
30[7]
31[8]
32[3]
33[8]
34[7]
35[8]
36[6]
37[8]
38[7]
39[8]
40[5]
41[8]
42[7]
43[8]
44[6]
45[8]
46[7]
47[8]
48[4]
49[8]
50[7]
51[8]
52[6]
53[8]
54[7]
55[8]
56[5]
57[8]
58[7]
59[8]
60[6]
61[8]
62[7]
63[8]
64[2]
65[8]
66[7]
67[8]
68[6]
69[8]
70[7]
71[8]
72[5]
73[8]
74[7]
75[8]
76[6]
77[8]
78[7]
79[8]
80[4]
81[8]
82[7]
83[8]
84[6]
85[8]
86[7]
87[8]
88[5]
89[8]
90[7]
91[8]
92[6]
93[8]
94[7]
95[8]
96[3]
97[8]
98[7]
99[8]
100[6]
101[8]
102[7]
103[8]
104[5]
105[8]
106[7]
107[8]
108[6]
109[8]
110[7]
111[8]
112[4]
113[8]
114[7]
115[8]
116[6]
117[8]
118[7]
119[8]
120[5]
121[8]
122[7]
123[8]
124[6]
125[8]
126[7]
127[8]
128[1]
129[8]
130[7]
131[8]
132[6]
133[8]
134[7]
135[8]
136[5]
137[8]
138[7]
139[8]
140[6]
141[8]
142[7]
143[8]
144[4]
145[8]
146[7]
147[8]
148[6]
149[8]
150[7]
151[8]
152[5]
153[8]
154[7]
155[8]
156[6]
157[8]
158[7]
159[8]
160[3]
161[8]
162[7]
163[8]
164[6]
165[8]
166[7]
167[8]
168[5]
169[8]
170[7]
171[8]
172[6]
173[8]
174[7]
175[8]
176[4]
177[8]
178[7]
179[8]
180[6]
181[8]
182[7]
183[8]
184[5]
185[8]
186[7]
187[8]
188[6]
189[8]
190[7]
191[8]
192[2]
193[8]
194[7]
195[8]
196[6]
197[8]
198[7]
199[8]
200[5]
201[8]
202[7]
203[8]
204[6]
205[8]
206[7]
207[8]
208[4]
209[8]
210[7]
211[8]
212[6]
213[8]
214[7]
215[8]
216[5]
217[8]
218[7]
219[8]
220[6]
221[8]
222[7]
223[8]
224[3]
225[8]
226[7]
227[8]
228[6]
229[8]
230[7]
231[8]
232[5]
233[8]
234[7]
235[8]
236[6]
237[8]
238[7]
239[8]
240[4]
241[8]
242[7]
243[8]
244[6]
245[8]
246[7]
247[8]
248[5]
249[8]
250[7]
251[8]
252[6]
253[8]
254[7]
255[8]
256[0]
257[8]
258[7]
259[8]
260[6]
261[8]
262[7]
263[8]
264[5]
265[8]
266[7]
267[8]
268[6]
269[8]
270[7]
271[8]
272[4]
273[8]
274[7]
275[8]
276[6]
277[8]
278[7]
279[8]
280[5]
281[8]
282[7]
283[8]
284[6]
285[8]
286[7]
287[8]
288[3]
289[8]
290[7]
291[8]
292[6]
293[8]
294[7]
295[8]
296[5]
297[8]
298[7]
299[8]
300[6]
301[8]
302[7]
303[8]
304[4]
305[8]
306[7]
307[8]
308[6]
309[8]
310[7]
311[8]
312[5]
313[8]
314[7]
315[8]
316[6]
317[8]
318[7]
319[8]
320[2]
321[8]
322[7]
323[8]
324[6]
325[8]
326[7]
327[8]
328[5]
329[8]
330[7]
331[8]
332[6]
333[8]
334[7]
335[8]
336[4]
337[8]
338[7]
339[8]
340[6]
341[8]
342[7]
343[8]
344[5]
345[8]
346[7]
347[8]
348[6]
349[8]
350[7]
351[8]
352[3]
353[8]
354[7]
355[8]
356[6]
357[8]
358[7]
359[8]
360[5]
361[8]
362[7]
363[8]
364[6]
365[8]
366[7]
367[8]
368[4]
369[8]
370[7]
371[8]
372[6]
373[8]
374[7]
375[8]
376[5]
377[8]
378[7]
379[8]
380[6]
381[8]
382[7]
383[8]
384[1]
385[8]
386[7]
387[8]
388[6]
389[8]
390[7]
391[8]
392[5]
393[8]
394[7]
395[8]
396[6]
397[8]
398[7]
399[8]
400[4]
401[8]
402[7]
403[8]
404[6]
405[8]
406[7]
407[8]
408[5]
409[8]
410[7]
411[8]
412[6]
413[8]
414[7]
415[8]
416[3]
417[8]
418[7]
419[8]
420[6]
421[8]
422[7]
423[8]
424[5]
425[8]
426[7]
427[8]
428[6]
429[8]
430[7]
431[8]
432[4]
433[8]
434[7]
435[8]
436[6]
437[8]
438[7]
439[8]
440[5]
441[8]
442[7]
443[8]
444[6]
445[8]
446[7]
447[8]
448[2]
449[8]
450[7]
451[8]
452[6]
453[8]
454[7]
455[8]
456[5]
457[8]
458[7]
459[8]
460[6]
461[8]
462[7]
463[8]
464[4]
465[8]
466[7]
467[8]
468[6]
469[8]
470[7]
471[8]
472[5]
473[8]
474[7]
475[8]
476[6]
477[8]
478[7]
479[8]
480[3]
481[8]
482[7]
483[8]
484[6]
485[8]
486[7]
487[8]
488[5]
489[8]
490[7]
491[8]
492[6]
493[8]
494[7]
495[8]
496[4]
497[8]
498[7]
499[8]
500[6]
501[8]
502[7]
503[8]
504[5]
505[8]
506[7]
507[8]
508[6]
509[8]
510[7]
511[8]
2[7]
3[8]
4[6]
5[8]
6[7]
7[8]
8[5]
9[8]
10[7]
11[8]
12[6]
13[8]
14[7]
15[8]
16[4]
17[8]
18[7]
19[8]
20[6]
21[8]
22[7]
23[8]
24[5]
25[8]
26[7]
27[8]
28[6]
29[8]
30[7]
31[8]
32[3]
33[8]
34[7]
35[8]
36[6]
37[8]
38[7]
39[8]
40[5]
41[8]
42[7]
43[8]
44[6]
45[8]
46[7]
47[8]
48[4]
49[8]
50[7]
51[8]
52[6]
53[8]
54[7]
55[8]
56[5]
57[8]
58[7]
59[8]
60[6]
61[8]
62[7]
63[8]
64[2]
65[8]
66[7]
67[8]
68[6]
69[8]
70[7]
71[8]
72[5]
73[8]
74[7]
75[8]
76[6]
77[8]
78[7]
79[8]
80[4]
81[8]
82[7]
83[8]
84[6]
85[8]
86[7]
87[8]
88[5]
89[8]
90[7]
91[8]
92[6]
93[8]
94[7]
95[8]
96[3]
97[8]
98[7]
99[8]
100[6]
101[8]
102[7]
103[8]
104[5]
105[8]
106[7]
107[8]
108[6]
109[8]
110[7]
111[8]
112[4]
113[8]
114[7]
115[8]
116[6]
117[8]
118[7]
119[8]
120[5]
121[8]
122[7]
123[8]
124[6]
125[8]
126[7]
127[8]
128[1]
129[8]
130[7]
131[8]
132[6]
133[8]
134[7]
135[8]
136[5]
137[8]
138[7]
139[8]
140[6]
141[8]
142[7]
143[8]
144[4]
145[8]
146[7]
147[8]
148[6]
149[8]
150[7]
151[8]
152[5]
153[8]
154[7]
155[8]
156[6]
157[8]
158[7]
159[8]
160[3]
161[8]
162[7]
163[8]
164[6]
165[8]
166[7]
167[8]
168[5]
169[8]
170[7]
171[8]
172[6]
173[8]
174[7]
175[8]
176[4]
177[8]
178[7]
179[8]
180[6]
181[8]
182[7]
183[8]
184[5]
185[8]
186[7]
187[8]
188[6]
189[8]
190[7]
191[8]
192[2]
193[8]
194[7]
195[8]
196[6]
197[8]
198[7]
199[8]
200[5]
201[8]
202[7]
203[8]
204[6]
205[8]
206[7]
207[8]
208[4]
209[8]
210[7]
211[8]
212[6]
213[8]
214[7]
215[8]
216[5]
217[8]
218[7]
219[8]
220[6]
221[8]
222[7]
223[8]
224[3]
225[8]
226[7]
227[8]
228[6]
229[8]
230[7]
231[8]
232[5]
233[8]
234[7]
235[8]
236[6]
237[8]
238[7]
239[8]
240[4]
241[8]
242[7]
243[8]
244[6]
245[8]
246[7]
247[8]
248[5]
249[8]
250[7]
251[8]
252[6]
253[8]
254[7]
255[8]
256[0]
257[8]
258[7]
259[8]
260[6]
261[8]
262[7]
263[8]
264[5]
265[8]
266[7]
267[8]
268[6]
269[8]
270[7]
271[8]
272[4]
273[8]
274[7]
275[8]
276[6]
277[8]
278[7]
279[8]
280[5]
281[8]
282[7]
283[8]
284[6]
285[8]
286[7]
287[8]
288[3]
289[8]
290[7]
291[8]
292[6]
293[8]
294[7]
295[8]
296[5]
297[8]
298[7]
299[8]
300[6]
301[8]
302[7]
303[8]
304[4]
305[8]
306[7]
307[8]
308[6]
309[8]
310[7]
311[8]
312[5]
313[8]
314[7]
315[8]
316[6]
317[8]
318[7]
319[8]
320[2]
321[8]
322[7]
323[8]
324[6]
325[8]
326[7]
327[8]
328[5]
329[8]
330[7]
331[8]
332[6]
333[8]
334[7]
335[8]
336[4]
337[8]
338[7]
339[8]
340[6]
341[8]
342[7]
343[8]
344[5]
345[8]
346[7]
347[8]
348[6]
349[8]
350[7]
351[8]
352[3]
353[8]
354[7]
355[8]
356[6]
357[8]
358[7]
359[8]
360[5]
361[8]
362[7]
363[8]
364[6]
365[8]
366[7]
367[8]
368[4]
369[8]
370[7]
371[8]
372[6]
373[8]
374[7]
375[8]
376[5]
377[8]
378[7]
379[8]
380[6]
381[8]
382[7]
383[8]
384[1]
385[8]
386[7]
387[8]
388[6]
389[8]
390[7]
391[8]
392[5]
393[8]
394[7]
395[8]
396[6]
397[8]
398[7]
399[8]
400[4]
401[8]
402[7]
403[8]
404[6]
405[8]
406[7]
407[8]
408[5]
409[8]
410[7]
411[8]
412[6]
413[8]
414[7]
415[8]
416[3]
417[8]
418[7]
419[8]
420[6]
421[8]
422[7]
423[8]
424[5]
425[8]
426[7]
427[8]
428[6]
429[8]
430[7]
431[8]
432[4]
433[8]
434[7]
435[8]
436[6]
437[8]
438[7]
439[8]
440[5]
441[8]
442[7]
443[8]
444[6]
445[8]
446[7]
447[8]
448[2]
449[8]
450[7]
451[8]
452[6]
453[8]
454[7]
455[8]
456[5]
457[8]
458[7]
459[8]
460[6]
461[8]
462[7]
463[8]
464[4]
465[8]
466[7]
467[8]
468[6]
469[8]
470[7]
471[8]
472[5]
473[8]
474[7]
475[8]
476[6]
477[8]
478[7]
479[8]
480[3]
481[8]
482[7]
483[8]
484[6]
485[8]
486[7]
487[8]
488[5]
489[8]
490[7]
491[8]
492[6]
493[8]
494[7]
495[8]
496[4]
497[8]
498[7]
499[8]
500[6]
501[8]
502[7]
503[8]
504[5]
505[8]
506[7]
507[8]
508[6]
509[8]
510[7]
511[8]
