
A = [0.1 0.2 0.3 0.4 0.5 0.6 0.7; 14 12 10 8 6 4 2; 1 1 1 1 0 0 0; 3 6 9 12 15 18 21]
A =
    0.1000    0.2000    0.3000    0.4000    0.5000    0.6000    0.7000
   14.0000   12.0000   10.0000    8.0000    6.0000    4.0000    2.0000
    1.0000    1.0000    1.0000    1.0000         0         0         0
    3.0000    6.0000    9.0000   12.0000   15.0000   18.0000   21.0000

B = A(1:3,1:4)
B =
    0.1000    0.2000    0.3000    0.4000
   14.0000   12.0000   10.0000    8.0000
    1.0000    1.0000    1.0000    1.0000
C = A(2:3,1:7)
C =
    14    12    10     8     6     4     2
     1     1     1     1     0     0     0

diary off; echo off;
